s,X,Y,Z,V
0.0001,0.25028829059573987,0.25033954236351413,0.24985282250073976,0.24951934454000624
0.00012045035402587823,0.2503469794318861,0.2504090204830008,0.2498229583152139,0.24942104176989913
0.000145082877849594,0.2504175494367424,0.2504927249300357,0.24978709275334787,0.24930263287987406
0.0001747528400007683,0.25050237565246525,0.25059357272486676,0.24974404657847796,0.24916000504419006
0.00021049041445120198,0.25060429402629397,0.2507150806361531,0.24969242128684987,0.24898820405070313
0.00025353644939701115,0.2507266843859363,0.25086148908255873,0.24963056429966018,0.2487812622318448
0.0003053855508833416,0.25087356522632387,0.2510379117881587,0.24955653168029734,0.24853199130522025
0.0003678379771828634,0.2510497003485713,0.2512505165319392,0.24946805005191391,0.24823173306757557
0.0004430621457583882,0.2512607162978889,0.2515067433681077,0.24936248077987644,0.24787005955412705
0.0005336699231206312,0.25151322771436674,0.25181556784928727,0.24923679167176377,0.24743441276458233
0.0006428073117284319,0.25181496474497056,0.2521878179829352,0.2490875448633317,0.24690967240876255
0.000774263682681127,0.25217489199215104,0.2526365547170732,0.24891091484650488,0.24627763844427092
0.0009326033468832199,0.25260330124505925,0.253177526303215,0.24870275874529224,0.24551641370643346
0.0011233240329780276,0.2531118492489916,0.2538297061587011,0.2484587734477531,0.24459967114455416
0.0013530477745798076,0.2537134953456693,0.2546159203590122,0.24817479329727313,0.2434957909980454
0.0016297508346206436,0.25442226977577703,0.25556356180687045,0.24784731103378654,0.24216685738356591
0.0019630406500402726,0.25525276922071083,0.2567053681719493,0.24747434826686113,0.2405675143404787
0.002364489412645407,0.2562192295245777,0.25808020021102934,0.24705686628489285,0.23864370397950008
0.002848035868435802,0.25733396650098245,0.25973367877032866,0.24660100095147272,0.2363313537772162
0.003430469286314919,0.25860491136170555,0.2617183927695939,0.24612153298252035,0.23355516288618017
0.0041320124001153384,0.2600319220713431,0.26409312809261853,0.2456471642347192,0.23022778560131918
0.004977023564332114,0.26160158759288676,0.2669201175753304,0.24522833054750445,0.2262499642842784
0.005994842503189409,0.2632804896011734,0.2702585955701118,0.24494833954189363,0.22151257528682125
0.007220809018385471,0.26500757931213564,0.2741519397063834,0.2449383226525364,0.21590215832894466
0.008697490026177835,0.26668777677858996,0.2786046583146084,0.24539531361523023,0.2093122512915714
0.010476157527896652,0.2681912385436817,0.2835454554298335,0.2465998802096761,0.20166342581680868
0.012618568830660211,0.2693651207998114,0.2887760583078625,0.24892439796106647,0.1929344229312595
0.015199110829529346,0.27006387850067143,0.2939163620748008,0.25281616427640974,0.18320359514811804
0.018307382802953697,0.2701944032237351,0.29837660237298574,0.2587365840412459,0.17269241036203323
0.022051307399030457,0.2697514153798439,0.30140669773540796,0.26704955666867447,0.16179233021607384
0.026560877829466867,0.26880251644287684,0.3022618748829097,0.27788555046817304,0.15105005820604048
0.03199267137797385,0.2674066949057606,0.30045496024887,0.2910447609508444,0.14109358389452498
0.03853528593710531,0.26552084242283225,0.29597173429852247,0.30600354220366244,0.13250388107498282
0.04641588833612782,0.2629896647894839,0.2893043587285553,0.3220404960524673,0.12566548042949338
0.055908101825122285,0.25964574788793005,0.28126108971768793,0.3384395430433403,0.12065361935104169
0.06734150657750829,0.2554316799697994,0.2726606530043308,0.3546888063050154,0.11721886072085434
0.08111308307896872,0.2504386351260102,0.26408874677083033,0.3705843289838669,0.11488828911929252
0.09770099572992257,0.24484939046337312,0.2558285146517197,0.38618939954553033,0.11313269533937685
0.1176811952434999,0.23885579920820585,0.2479411253229291,0.40168943537158336,0.1115136400972818
0.14174741629268062,0.2326141680661452,0.2403894129169362,0.41724350145102235,0.10975291756589622
0.1707352647470692,0.22624615047173793,0.23312172170538265,0.4329071590279057,0.10772496879497372
0.20565123083486536,0.21985737724650567,0.22610505889281257,0.448626957611811,0.10541060624887072
0.24770763559917114,0.2135509426893499,0.2193342929454437,0.4642648740318958,0.10284989033331055
0.298364724028334,0.2074319187078122,0.21283569874814182,0.4796223381770483,0.10011004436699761
0.3593813663804629,0.20160786923120128,0.20666676882964533,0.4944583621882091,0.0972669997509444
0.43287612810830617,0.19618897734566035,0.2009111005933213,0.5085043096431667,0.09439561241785169
0.521400828799969,0.19128864852280036,0.19567063030617451,0.5214748677750014,0.0915658533960236
0.6280291441834259,0.1870241902248542,0.19105863235300016,0.5330742859308082,0.08884289149133759
0.7564633275546291,0.18351678199758495,0.18719492520411601,0.5429997535540897,0.08628853924420932
0.9111627561154896,0.18089003514131893,0.18420244053534707,0.5509451795698419,0.08396234475349222
1.0974987654930568,0.17926654939243758,0.18220341359598094,0.5566080337233013,0.08192200328828024
1.3219411484660315,0.1787616378363846,0.181313520645173,0.5597014829289783,0.0802233585894641
1.592282793341094,0.17947302324948997,0.18163247390939424,0.5599743489717478,0.07892015386936814
1.9179102616724888,0.1814653701588741,0.18322985639830944,0.5572413086753663,0.07806346476745024
2.310129700083163,0.18474968480373238,0.1861259819105159,0.5514237850124971,0.07770054827325458
2.782559402207126,0.18926061223383006,0.19027010021698854,0.5425967168831848,0.07787257066599658
3.351602650938848,0.1948395400221823,0.19552258792634555,0.5310275614436956,0.07861031060777651
4.037017258596558,0.2012359128944162,0.2016522434510883,0.5171850662897013,0.07992677736479417
4.862601580065354,0.20813762299101599,0.20835978556388335,0.5016959534522674,0.08180663799283329
5.857020818056673,0.21522827763033672,0.21532866152965516,0.4852475561467613,0.08419550469324684
7.054802310718645,0.22224884454035565,0.2222858042917279,0.4684686966480142,0.0869966545199022
8.497534359086455,0.22903201666855724,0.22904262423925043,0.4518418493500279,0.09008350974216445
10.235310218990268,0.23549465987207904,0.2354969132542989,0.43568098077424056,0.09332744609938146
12.328467394420684,0.24160389153732986,0.2416042247454733,0.4201651515120004,0.0966267322051964
14.849682622544666,0.24734495270113305,0.24734498456633738,0.4053906853714947,0.0999193773610349
17.886495290574352,0.25270543315971905,0.2527054349636829,0.39141260895415025,0.10317652292244771
21.544346900318867,0.25767212191475825,0.25767212196911055,0.3782679321113873,0.10638782400474384
25.950242113997373,0.26223173619999146,0.262231736200758,0.3659860749929475,0.1095504526063031
31.257158496882415,0.26637119160320416,0.26637119160320843,0.3545932069901413,0.11266440980344611
37.649358067924716,0.27007705181146263,0.27007705181146247,0.3441144929193879,0.11573140345768698
45.34878508128591,0.27333512605440213,0.27333512605440174,0.33457519094737803,0.11875455694381806
54.62277217684348,0.2761320537982809,0.27613205379828093,0.3259988161906107,0.12173707621282744
65.79332246575683,0.27846139539711773,0.27846139539711745,0.31839921583690406,0.12467799336886073
79.24828983539186,0.280334450738972,0.2803344507389725,0.31176683719872234,0.12756426132333315
95.45484566618347,0.28178999712367525,0.2817899971236743,0.30605777932689376,0.1303622264257566
114.9756995397738,0.2828937191951635,0.2828937191951629,0.30119795911759467,0.13301460249207897
138.48863713938746,0.2837239938583589,0.28372399385835934,0.2971052461697049,0.13544676611357698
166.81005372000593,0.2843516516634165,0.2843516516634167,0.2937164762119884,0.1375802204611784
200.923300256505,0.28482626582983916,0.2848262658298389,0.29099903944253236,0.13934842889778945
242.01282647943833,0.2851760561313051,0.28517605613130514,0.288935476706498,0.14071241103089174
291.5053062825182,0.2854182212267657,0.285418221226766,0.2874895698986562,0.1416739876478121
351.11917342151344,0.28557013126789166,0.28557013126789127,0.2865791135287268,0.1422806239354902
422.9242874389508,0.28565379116303663,0.28565379116303624,0.2860772475980974,0.14261517007582977
509.4138014816386,0.28569305937741574,0.2856930593774158,0.2858416435709611,0.14277223767420733
613.5907273413176,0.2857082787949212,0.2857082787949213,0.2857503272280285,0.142833115182129
739.072203352579,0.2857129730545666,0.285712973054567,0.2857221616725841,0.1428518922182823
890.2150854450392,0.285714075567432,0.28571407556743156,0.28571554659540904,0.14285630226972743
1072.2672220103254,0.28571426258454535,0.2857142625845454,0.285714424492729,0.14285705033818039
1291.5496650148852,0.2857142840931112,0.2857142840931114,0.28571429544133237,0.14285713637244515
1555.6761439304755,0.2857142856483044,0.28571428564830426,0.28571428611017413,0.1428571425932173
1873.8174228603868,0.28571428571289037,0.2857142857128906,0.2857142857226573,0.14285714285156179
2257.0197196339213,0.2857142857142722,0.28571428571427204,0.2857142857143665,0.1428571428570892
2718.5882427329457,0.28571428571428553,0.28571428571428564,0.2857142857142861,0.14285714285714263
3274.5491628777318,0.28571428571428553,0.2857142857142858,0.28571428571428603,0.14285714285714268
3944.206059437664,0.28571428571428553,0.2857142857142858,0.28571428571428603,0.14285714285714268
4750.810162102803,0.28571428571428553,0.2857142857142858,0.28571428571428603,0.14285714285714268
5722.3676593502205,0.28571428571428553,0.2857142857142858,0.28571428571428603,0.14285714285714268
6892.61210434971,0.28571428571428553,0.2857142857142858,0.28571428571428603,0.14285714285714268
8302.175681319752,0.28571428571428553,0.2857142857142858,0.28571428571428603,0.14285714285714268
10000.0,0.28571428571428553,0.2857142857142858,0.28571428571428603,0.14285714285714268
