s,X,Y,Z,W
0.0001,0.24985386010780422,0.25131831530324883,0.24951011290810451,0.24931771168084246
0.00012045035402587823,0.249823387673733,0.2515876006273966,0.24941088085959395,0.24917813083927653
0.000145082877849594,0.24978642052212024,0.25191180821929965,0.24929178452610515,0.24900998673247488
0.0001747528400007683,0.24974151289742821,0.25230209918422497,0.24914895499567002,0.24880743292267685
0.00021049041445120198,0.24968687114393437,0.252771882127566,0.24897781931285923,0.2485634274156404
0.00025353644939701115,0.24962025959148978,0.2533372546873134,0.248772995748442,0.24826948997275497
0.0003053855508833416,0.2495388772911292,0.25401752548804685,0.24852818528423923,0.24791541193658467
0.0003678379771828634,0.24943919552524474,0.2548358272452053,0.24823606641330997,0.24748891081624
0.0004430621457583882,0.2493167423834141,0.25581983043817846,0.2478882052685172,0.24697522190989027
0.0005336699231206312,0.24916581583098893,0.25700256315039766,0.24747500046951657,0.24635662054909685
0.0006428073117284319,0.24897910032188064,0.25842333435826254,0.24698569296723974,0.24561187235261706
0.000774263682681127,0.2487471539155565,0.2601287417904339,0.24640848694887352,0.2447156173451362
0.0009326033468832199,0.24845772313035283,0.26217371590243,0.24573085025413913,0.243637710713078
0.0011233240329780276,0.24809483220098777,0.2646224993909202,0.2449400935928994,0.2423425748151926
0.0013530477745798076,0.2476375843790682,0.2675493724226476,0.2440243685276017,0.24078867467068263
0.0016297508346206436,0.24705861096038254,0.2710387849193637,0.24297427409505212,0.23892833002520167
0.0019630406500402726,0.2463221203863558,0.27518431635021134,0.24178531515759194,0.23670824810584098
0.002364489412645407,0.2453815571354151,0.280085508822318,0.24046149408206074,0.23407143996020616
0.002848035868435802,0.24417701711524192,0.285841070635581,0.23902029877318787,0.23096161347598917
0.003430469286314919,0.24263284429286133,0.2925362230552296,0.23749918843308082,0.2273317442188282
0.0041320124001153384,0.2406563321815507,0.3002211928001513,0.2359632219280489,0.22315925309024912
0.004977023564332114,0.23813923368111753,0.3088774897979985,0.2345125030154618,0.21847077350542224
0.005994842503189409,0.23496476355914372,0.31836972760962134,0.2332864315589924,0.2133790772722425
0.007220809018385471,0.2310234799198944,0.3283852543293393,0.23245947741288484,0.20813178833788154
0.008697490026177835,0.22624062485193686,0.3383739566167282,0.23222143954243973,0.20316397898889532
0.010476157527896652,0.22061321360940003,0.3475160699420641,0.23273669906502834,0.1991340173835076
0.012618568830660211,0.21424609469465847,0.35475875433191656,0.23408554961618544,0.19690960135723942
0.015199110829529346,0.20736531913388648,0.35895409304179066,0.2362064434365874,0.1974741443877355
0.018307382802953697,0.20028434527942482,0.3590857519685105,0.2388706014855501,0.2017593012665146
0.022051307399030457,0.1933148128524609,0.3545058358711529,0.2417115157351557,0.21046783554123044
0.026560877829466867,0.18664621545560117,0.3450763811323366,0.24429715363743268,0.22398024977462958
0.03199267137797385,0.1802474202960715,0.3311605873472798,0.24620028365457944,0.2423917087020692
0.03853528593710531,0.17384653481017973,0.3134907265967298,0.24702637530014968,0.2656363632929408
0.04641588833612782,0.16701509319356816,0.29297464748521695,0.24639459562196356,0.2936156636992514
0.055908101825122285,0.159323743978873,0.27049071120748586,0.24390063186617023,0.32628491294747103
0.06734150657750829,0.15048631591535283,0.24672130678512516,0.23909873623634867,0.36369364106317337
0.08111308307896872,0.1404211004632936,0.22209487647378115,0.2315299921156065,0.40595403094731874
0.09770099572992257,0.12923019418643625,0.19688294564232933,0.22081059514329912,0.4530762650279353
0.1176811952434999,0.11715512738062042,0.17140744947491618,0.20678243265463855,0.5046549904898249
0.14174741629268062,0.10455535074621909,0.1462313373261637,0.18970293786514353,0.5595103740624736
0.1707352647470692,0.0919022715944936,0.12221277755165709,0.17040181816803698,0.6154831326858123
0.20565123083486536,0.07974602417981144,0.10037850311149377,0.1502833502396922,0.6695921224690027
0.24770763559917114,0.06862460358432208,0.08165225426120233,0.13106492170705583,0.7186582204474198
0.298364724028334,0.05893451658016837,0.06655086866219176,0.11427579256767639,0.7602388221899635
0.3593813663804629,0.050831075959571974,0.055014366157021315,0.10075131127095949,0.7934032466124473
0.43287612810830617,0.04422440947585756,0.04648364911934592,0.09043957827909166,0.8188523631257049
0.521400828799969,0.03887205105208882,0.04017348438929909,0.08263571440533611,0.8383187501532761
0.6280291441834259,0.03450183920709991,0.03536066567909832,0.07644352519526566,0.8536939699185362
0.7564633275546291,0.030894588146411748,0.03153865082316107,0.07115029357940286,0.8664164674510244
0.9111627561154896,0.02790438486757349,0.02841935478879387,0.06635235138594131,0.8773239089576912
1.0974987654930568,0.02543946047837249,0.025856673393476977,0.061885334961326574,0.886818531166824
1.3219411484660315,0.023436254831010587,0.02377084759639661,0.05770265612765585,0.8950902414449369
1.592282793341094,0.0218431411995452,0.02210596305709209,0.05379445831155096,0.9022564374318118
1.9179102616724888,0.020613474377882024,0.02081391040333117,0.050156081626405974,0.9084165335923807
2.310129700083163,0.019702527865820614,0.019849302309237545,0.04678114013705655,0.9136670296878853
2.782559402207126,0.01906518277433558,0.01916687362633321,0.04366136221231921,0.9181065813870118
3.351602650938848,0.018654017142865926,0.018719412428197125,0.040787300194719656,0.9218392702342173
4.037017258596558,0.018418793602900402,0.018456899657050906,0.03814879813660843,0.9249755086034402
4.862601580065354,0.018308535528966854,0.018328077749639092,0.035735092530478366,0.9276282941909156
5.857020818056673,0.018276322959185937,0.018284847157698375,0.033534658350248915,0.9299041715328668
7.054802310718645,0.018284890489016745,0.01828793124726139,0.03153508281064653,0.9318920954530753
8.497534359086455,0.01830981577621033,0.018310663791557463,0.029723257415762018,0.9336562630164702
10.235310218990268,0.018338453107522447,0.018338628583027435,0.02808593630781631,0.9352369820016337
12.328467394420684,0.018365893475008055,0.01836591880433935,0.02661041657852407,0.9366577711421286
14.849682622544666,0.018390851965632893,0.018390854334907725,0.025285051905958516,0.9379332417935008
17.886495290574352,0.018413216947007278,0.01841321707845227,0.024099510812119022,0.9390740551624215
21.544346900318867,0.018433115590822686,0.018433115594711127,0.023044873893599917,0.9400888949208662
25.950242113997373,0.01845068505766184,0.01845068505771513,0.02211369194605934,0.9409849379385637
31.257158496882415,0.018466036376190174,0.018466036376190174,0.02130007206204732,0.9417678551855724
37.649358067924716,0.018479249149708006,0.018479249149707676,0.0205997950654574,0.9424417066351268
45.34878508128591,0.018490370949468208,0.01849037094946832,0.020010339678205265,0.9430089184228582
54.62277217684348,0.018499426428808502,0.01849942642880756,0.019530399273053806,0.9434707478693302
65.79332246575683,0.018506448303144702,0.018506448303144647,0.019158239933346696,0.943828863460364
79.24828983539186,0.018511532638972625,0.018511532638973018,0.01888877013450501,0.9440881645875493
95.45484566618347,0.018514893205383683,0.018514893205384075,0.01871066011471204,0.9442595534745202
114.9756995397738,0.018516871560630182,0.01851687156062996,0.018605807286525087,0.9443604495922148
138.48863713938746,0.018517881606165524,0.0185178816061658,0.018552274873290083,0.9444119619143786
166.81005372000593,0.018518315693998904,0.018518315693999015,0.018529268218172325,0.9444341003938297
200.923300256505,0.018518467405728246,0.018518467405728246,0.01852122749643236,0.9444418376921111
242.01282647943833,0.018518508801741464,0.01851850880174163,0.018519033507722885,0.9444439488887941
291.5053062825182,0.01851851720309771,0.018518517203098765,0.018518588235943018,0.9444443773578606
351.11917342151344,0.018518518400215563,0.01851851840021634,0.018518524788727876,0.9444444384108402
422.9242874389508,0.01851851851201439,0.01851851851201395,0.0185185188631034,0.9444444441128682
509.4138014816386,0.018518518518322074,0.01851851851832219,0.018518518528982234,0.9444444444343736
613.5907273413176,0.01851851851851689,0.018518518518517393,0.018518518518675437,0.9444444444442903
739.072203352579,0.01851851851851951,0.018518518518519843,0.018518518518520648,0.9444444444444399
890.2150854450392,0.018518518518518094,0.01851851851851815,0.018518518518518025,0.9444444444444456
1072.2672220103254,0.018518518518518094,0.01851851851851815,0.018518518518518025,0.9444444444444456
1291.5496650148852,0.018518518518518094,0.01851851851851815,0.018518518518518025,0.9444444444444456
1555.6761439304755,0.018518518518518094,0.01851851851851815,0.018518518518518025,0.9444444444444456
1873.8174228603868,0.018518518518518094,0.01851851851851815,0.018518518518518025,0.9444444444444456
2257.0197196339213,0.018518518518518094,0.01851851851851815,0.018518518518518025,0.9444444444444456
2718.5882427329457,0.018518518518518094,0.01851851851851815,0.018518518518518025,0.9444444444444456
3274.5491628777318,0.018518518518518094,0.01851851851851815,0.018518518518518025,0.9444444444444456
3944.206059437664,0.018518518518518094,0.01851851851851815,0.018518518518518025,0.9444444444444456
4750.810162102803,0.018518518518518094,0.01851851851851815,0.018518518518518025,0.9444444444444456
5722.3676593502205,0.018518518518518094,0.01851851851851815,0.018518518518518025,0.9444444444444456
6892.61210434971,0.018518518518518094,0.01851851851851815,0.018518518518518025,0.9444444444444456
8302.175681319752,0.018518518518518094,0.01851851851851815,0.018518518518518025,0.9444444444444456
10000.0,0.018518518518518094,0.01851851851851815,0.018518518518518025,0.9444444444444456
