s,X,Y,Z,V
0.0001,0.24941419010119978,0.2503382660950008,0.2498535248426725,0.25039401896112695
0.00012045035402587823,0.24929434628213526,0.250407168018938,0.24982397607969986,0.2504745096192269
0.000145082877849594,0.24914997536333275,0.25049003589916363,0.24978856723201426,0.25057142150548933
0.0001747528400007683,0.24897605385942168,0.2505896689256471,0.2497461820779316,0.25068809513699974
0.00021049041445120198,0.24876652812160477,0.2507094125871781,0.24969551302334944,0.2508285462678676
0.00025353644939701115,0.24851410282167208,0.2508532582375311,0.24963503848128316,0.25099760045951375
0.0003053855508833416,0.24820998612616582,0.2510259572735408,0.24956300297680425,0.25120105362348916
0.0003678379771828634,0.2478435829221338,0.2512331501223783,0.2494774037726117,0.25144586318287615
0.0004430621457583882,0.24740212596807976,0.2514815088742777,0.24937598998290517,0.2517403751747374
0.0005336699231206312,0.24687023331005264,0.2517788900226027,0.24925628333503402,0.2520945933323107
0.0006428073117284319,0.24622937892729876,0.2521344897779495,0.24911563436966225,0.2525204969250896
0.000774263682681127,0.24545726276458127,0.25255898784928554,0.24895133449763443,0.25303241488849887
0.0009326033468832199,0.24452706685106446,0.2530646549239836,0.24876081366062774,0.2536474645643242
0.0011233240329780276,0.24340658752306385,0.2536653819777314,0.24854196619155544,0.2543860643076492
0.0013530477745798076,0.24205724240347387,0.2543765623490839,0.24829366462687702,0.25527253062056515
0.0016297508346206436,0.24043296913945764,0.2552147146522082,0.24801654305116122,0.25633577315717293
0.0019630406500402726,0.2384790683744202,0.2561966678050275,0.24771415707813066,0.25761010674242163
0.002364489412645407,0.23613110805098264,0.25733802703811653,0.247394652523823,0.2591362123870778
0.002848035868435802,0.23331411841145944,0.25865048670354646,0.2470730877158984,0.2609623071690956
0.003430469286314919,0.22994249297241556,0.260137336522537,0.24677452912231965,0.2631456413827277
0.0041320124001153384,0.22592130066545843,0.26178621694817117,0.24653792313580872,0.2657545592505617
0.004977023564332114,0.2211501273506011,0.2635578485137492,0.24642043853090365,0.268871585604746
0.005994842503189409,0.21553106298278898,0.26536922178240474,0.24650130746731228,0.27259840776749406
0.007220809018385471,0.2089828329440192,0.26706994214105395,0.2468829367271401,0.2770642881877867
0.008697490026177835,0.20146278256527755,0.268411828480662,0.24768501694316516,0.2824403720108953
0.010476157527896652,0.19299632789626847,0.2690157257343463,0.24902470219276532,0.28896324417662
0.012618568830660211,0.18370796100322512,0.2683471561614294,0.25097397527521664,0.2969709075601288
0.015199110829529346,0.17383816071600475,0.26572342614266,0.25348748455147846,0.3069509285898569
0.018307382802953697,0.16372030777259639,0.26038273416364793,0.2563056782644917,0.31959127979926405
0.022051307399030457,0.1536933742522716,0.2516351434270888,0.2588610945883026,0.3358103877323369
0.026560877829466867,0.1439564177915368,0.23906964889652788,0.26023880468822774,0.3567351286237076
0.03199267137797385,0.13442643201565552,0.2227227473408776,0.25923715778363243,0.3836136628598345
0.03853528593710531,0.12469455035655869,0.20308469080173935,0.2545240891674846,0.4176966696742175
0.04641588833612782,0.11413180681220184,0.18089879599695344,0.24482245071939188,0.4601469464714528
0.055908101825122285,0.10210115599656198,0.15687127040578094,0.22906107301699843,0.5119665005806586
0.06734150657750829,0.08819160595455618,0.13151970634780324,0.20652602456023172,0.5737626631374089
0.08111308307896872,0.07243811664048017,0.105330436512497,0.1771600657576905,0.6450713810893324
0.09770099572992257,0.05552039466912366,0.07917119472190563,0.14212237527379018,0.7231860353351804
0.1176811952434999,0.038835742424273186,0.05462256856034764,0.10437430516929237,0.8021673838460868
0.14174741629268062,0.024207213704909324,0.033760748941969766,0.06853066045402435,0.8735013768990965
0.1707352647470692,0.013141967418869985,0.01826224875755197,0.03930749120009082,0.9292882926234872
0.20565123083486536,0.006088815553080476,0.008468139848519005,0.019286144590032674,0.9661569000083678
0.24770763559917114,0.002361660160700858,0.0033008397918319853,0.007933712430092417,0.9864037876173748
0.298364724028334,0.0007503621310673685,0.00105797322953053,0.00267466976466846,0.9955169948747338
0.3593813663804629,0.00018989204905178487,0.0002710036274666779,0.0007176454657817256,0.9988214588576998
0.43287612810830617,3.689361974312819e-05,5.344422895650653e-05,0.00014751080127206685,0.9997621513500283
0.521400828799969,5.251563938768477e-06,7.736922282342032e-06,2.2133284785313993e-05,0.9999648782289937
0.6280291441834259,5.167923484150502e-07,7.74949875159673e-07,2.284002624114379e-06,0.9999964242551522
0.7564633275546291,3.273735438291601e-08,4.9937979168522734e-08,1.506996383515665e-07,0.9999997666250281
0.9111627561154896,1.2227822088206858e-09,1.893785545048526e-09,5.8146735482102e-09,0.9999999910687588
1.0974987654930568,2.4170943024870724e-11,3.7896630278311696e-11,1.1759959672730386e-10,0.9999999998203328
1.3219411484660315,2.228772721934997e-13,3.5210723225986764e-13,1.0959844143343365e-12,0.9999999999983291
1.592282793341094,9.43689570931345e-16,6.938893903906948e-16,2.7755575615627793e-15,0.9999999999999956
1.9179102616724888,5.884182030513378e-15,7.0499162063698024e-15,2.2704060853584637e-14,0.9999999999999643
2.310129700083163,4.996003610813321e-15,5.66213742558843e-15,1.8790524691781213e-14,0.9999999999999705
2.782559402207126,3.4972025275692806e-15,3.996802888650606e-15,1.3433698597964536e-14,0.9999999999999791
3.351602650938848,2.9420910152567204e-15,3.552713678800568e-15,1.14075415780237e-14,0.999999999999982
4.037017258596558,1.4432899320126763e-15,1.5543122344751898e-15,4.4408920985005425e-15,0.9999999999999927
4.862601580065354,5.551115123125749e-16,5.828670879282036e-16,2.1649348980190422e-15,0.9999999999999967
5.857020818056673,2.7755575615627703e-15,3.1641356201815585e-15,8.937295348232122e-15,0.9999999999999851
7.054802310718645,1.6653345369377455e-15,2.053912595556553e-15,5.0515147620444946e-15,0.9999999999999911
8.497534359086455,1.2767564783189361e-15,1.3322676295501942e-15,3.7470027081099215e-15,0.9999999999999936
10.235310218990268,4.274358644806909e-15,5.218048215738304e-15,1.0852430065711047e-14,0.9999999999999796
12.328467394420684,5.5511151231257605e-17,1.1102230246251521e-16,3.6082248300317445e-16,0.9999999999999996
14.849682622544666,5.551115123125715e-16,8.326672684688572e-16,9.714451465470001e-16,0.9999999999999976
17.886495290574352,4.4408920985006064e-16,1.054711873393894e-15,2.081668171172159e-15,0.9999999999999964
21.544346900318867,1.1102230246251501e-16,0.0,2.498001805406588e-16,0.9999999999999996
25.950242113997373,7.216449660063469e-16,6.106226635438321e-16,1.2212453270876641e-15,0.9999999999999976
31.257158496882415,2.109423746787755e-15,2.109423746787755e-15,3.0253577421034904e-15,0.9999999999999927
37.649358067924716,0.0,0.0,0.0,1.0
45.34878508128591,0.0,0.0,0.0,1.0
54.62277217684348,0.0,0.0,0.0,1.0
65.79332246575683,0.0,0.0,0.0,1.0
79.24828983539186,0.0,0.0,0.0,1.0
95.45484566618347,0.0,0.0,0.0,1.0
114.9756995397738,0.0,0.0,0.0,1.0
138.48863713938746,0.0,0.0,0.0,1.0
166.81005372000593,0.0,0.0,0.0,1.0
200.923300256505,0.0,0.0,0.0,1.0
242.01282647943833,0.0,0.0,0.0,1.0
291.5053062825182,0.0,0.0,0.0,1.0
351.11917342151344,0.0,0.0,0.0,1.0
422.9242874389508,0.0,0.0,0.0,1.0
509.4138014816386,0.0,0.0,0.0,1.0
613.5907273413176,0.0,0.0,0.0,1.0
739.072203352579,0.0,0.0,0.0,1.0
890.2150854450392,0.0,0.0,0.0,1.0
1072.2672220103254,0.0,0.0,0.0,1.0
1291.5496650148852,0.0,0.0,0.0,1.0
1555.6761439304755,0.0,0.0,0.0,1.0
1873.8174228603868,0.0,0.0,0.0,1.0
2257.0197196339213,0.0,0.0,0.0,1.0
2718.5882427329457,0.0,0.0,0.0,1.0
3274.5491628777318,0.0,0.0,0.0,1.0
3944.206059437664,0.0,0.0,0.0,1.0
4750.810162102803,0.0,0.0,0.0,1.0
5722.3676593502205,0.0,0.0,0.0,1.0
6892.61210434971,0.0,0.0,0.0,1.0
8302.175681319752,0.0,0.0,0.0,1.0
10000.0,0.0,0.0,0.0,1.0
