M,X,Y_{cj},Y_{rj},Z,T,U,V,W
5,0.12500000000000047,0.062499999999999827,0.1818181818181818,0.12500000000000003,0.12499999999999999,0.06818181818181818,0.17857142857142835,0.1339285714285713
10,0.07262569832402212,0.22346368715083764,0.22346368715083784,0.1787709497206703,0.022346368715083824,0.12849162011173218,0.022346368715083824,0.1284916201117322
15,0.0708661417341434,0.22309711286127962,0.22309711286128028,0.1784776902890237,0.022309711286128294,0.1299212598410082,0.022309711286128266,0.12992125984100825
20,0.06990881458966558,0.22289766970618063,0.22289766970618005,0.1783181357649441,0.022289766970617953,0.13069908814589676,0.022289766970617932,0.13069908814589684
25,0.06930693069306948,0.22277227722772253,0.22277227722772316,0.1782178217821782,0.02227722772277227,0.13118811881188103,0.022277227722772228,0.13118811881188103
30,0.06889352818162355,0.2226861517045054,0.22268615170450456,0.178148921363604,0.022268615170450506,0.13152400835243075,0.02226861517045052,0.13152400835243072
35,0.0685920577635573,0.22262334536740794,0.22262334536740788,0.17809867629392617,0.022262334536740782,0.13176895306710965,0.022262334536740775,0.13176895306710965
40,0.06836248012718603,0.2225755166931632,0.222575516693164,0.17806041335453104,0.022257551669316374,0.13195548489666156,0.022257551669316374,0.1319554848966615
45,0.06818181818036533,0.22253787878757605,0.22253787878757605,0.17803030303006065,0.022253787878757564,0.13210227272845337,0.02225378787875767,0.13210227272845337
50,0.06803594351732949,0.22250748823277752,0.22250748823277672,0.17800599058622144,0.022250748823277784,0.13222079589216967,0.02225074882327781,0.13222079589216956
55,0.06791569086771722,0.22248243559744021,0.22248243559744016,0.17798594847795254,0.022248243559744602,0.1323185011699803,0.022248243559744554,0.13231850116998023
60,0.06781485468467877,0.22246142805930832,0.22246142805930813,0.1779691424474466,0.022246142805930843,0.1324004305686982,0.022246142805930843,0.1324004305686982
65,0.06772908366637015,0.22244355909716035,0.22244355909716043,0.17795484727772834,0.02224435590971606,0.1324701195210744,0.022244355909716036,0.13247011952107435
70,0.06765523633089704,0.22242817423560385,0.22242817423560357,0.1779425393884828,0.022242817423560362,0.1325301204811459,0.02224281742356038,0.1325301204811459
75,0.06759098786603213,0.2224147891387561,0.22241478913875662,0.17793183131100443,0.022241478913875564,0.1325823223588498,0.022241478913875547,0.1325823223588498
80,0.0675345809601302,0.22240303770002673,0.22240303770002737,0.17792243016002174,0.02224030377000276,0.1326281529698943,0.022240303770002735,0.13262815296989436
85,0.06748466257788677,0.2223926380370597,0.2223926380370601,0.17791411042964794,0.022239263803705996,0.1326687116554667,0.022239263803706007,0.1326687116554667
90,0.06744017403840133,0.22238336959133384,0.22238336959133365,0.1779066956730667,0.02223833695913324,0.132704858593799,0.022238336959133236,0.13270485859379896
95,0.0674002751038823,0.22237505731330864,0.22237505731330895,0.17790004585064684,0.022237505731330882,0.13273727647809574,0.022237505731330882,0.1327372764780957
100,0.06736429038587273,0.22236756049705658,0.22236756049705692,0.17789404839764528,0.022236756049705656,0.13276651406147857,0.022236756049705656,0.13276651406147857
105,0.06733167082131024,0.222360764754439,0.22236076475443975,0.1778886118035518,0.02223607647544397,0.13279301745768565,0.02223607647544397,0.13279301745768565
110,0.06730196545625247,0.22235457613671908,0.2223545761367201,0.1778836609093756,0.022235457613671756,0.1328171530667946,0.02223545761367169,0.1328171530667947
115,0.06727480045789481,0.22234891676206128,0.2223489167620619,0.17787913340965003,0.022234891676205938,0.13283922462795994,0.022234891676205952,0.13283922462796002
120,0.0672498633109908,0.22234372152312293,0.22234372152312293,0.17787497721849815,0.022234372152312287,0.13285948605982023,0.022234372152312276,0.13285948605982031
125,0.0672268907563029,0.2223389355742295,0.22233893557422993,0.1778711484593837,0.02223389355742295,0.132878151260504,0.02223389355742295,0.132878151260504
130,0.06720565942448244,0.2223345123801008,0.22233451238010066,0.17786760990408046,0.022233451238010012,0.13289540171760778,0.022233451238010026,0.13289540171760778
135,0.06718597857787155,0.22233041220372213,0.22233041220372377,0.17786432976297886,0.022233041220372396,0.13291139240547936,0.022233041220372386,0.13291139240547947
140,0.0671676843558888,0.2223266009074762,0.22232660090747716,0.17786128072598134,0.022232660090747678,0.13292625646084058,0.022232660090747678,0.13292625646084058
145,0.06715063520704027,0.22232304900146724,0.22232304900146665,0.177858439201173,0.022232304900146684,0.13294010889427976,0.022232304900146608,0.13294010889427976
150,0.06713470820766403,0.2223197308765966,0.2223197308765966,0.1778557847012771,0.022231973087659618,0.1329530495812732,0.02223197308765963,0.1329530495812732
155,0.06711979609153493,0.22231662418573594,0.22231662418573672,0.1778532993485894,0.02223166241857368,0.13296516567562786,0.02223166241857363,0.13296516567562777
160,0.06710580485796612,0.22231370934540962,0.22231370934540914,0.17785096747632675,0.022231370934540914,0.1329765335529033,0.02223137093454089,0.1329765335529033
165,0.0670926517599255,0.22231096911665127,0.22231096911665107,0.1778487752933208,0.0222310969116651,0.13298722044506053,0.022231096911665107,0.13298722044506048
170,0.06708026366522596,0.22230838826358953,0.2223083882635877,0.17784671061087046,0.022230838826358883,0.13299728577200418,0.02223083882635897,0.1329972857720041
175,0.06706857573374621,0.2223059532778638,0.2223059532778635,0.17784476262229074,0.022230595327786262,0.1330067822163317,0.022230595327786203,0.13300678221633155
180,0.06705753023394712,0.22230365213207215,0.22230365213207234,0.17784292170565777,0.022230365213207256,0.133015756684918,0.02223036521320725,0.13301575668491805
185,0.0670470756059003,0.22230147408456347,0.22230147408456222,0.17784117926765008,0.022230147408456226,0.13302425107020577,0.022230147408456226,0.13302425107020577
190,0.06703716568289578,0.22229940951726976,0.22229940951727012,0.17783952761381605,0.022229940951726916,0.13303230288264717,0.022229940951726968,0.13303230288264717
195,0.06702775896892037,0.2222974497851918,0.22229744978519173,0.17783795982815317,0.02222974497851915,0.13303994583775233,0.02222974497851915,0.13303994583775233
200,0.06701881809177905,0.222295587102454,0.22229558710245373,0.17783646968196326,0.02222955871024545,0.13304721030042954,0.02222955871024545,0.13304721030042946
205,0.0670103092797116,0.22229381443327323,0.2222938144332734,0.1778350515466185,0.022229381443327298,0.1330541237102342,0.02222938144332735,0.13305412371023426
210,0.06700220195295851,0.22229212540686635,0.2222921254068662,0.17783370032549303,0.022229212540686577,0.13306071091322139,0.022229212540686653,0.1330607109132214
215,0.06699446834730027,0.2222905142390212,0.2222905142390209,0.17783241139121655,0.022229051423902038,0.1330669944678185,0.022229051423902055,0.13306699446781856
220,0.06698708320499427,0.2222889756677078,0.22228897566770667,0.17783118053416577,0.02222889756677067,0.13307299489594204,0.022228897566770715,0.13307299489594204
225,0.06698002349865596,0.2222875048955535,0.22228750489555316,0.17783000391644266,0.02222875048955535,0.13307873090734204,0.022228750489555377,0.13307873090734204
230,0.06697326818142349,0.2222860975377971,0.22228609753779627,0.17782887803023745,0.022228609753779646,0.13308421960259317,0.022228609753779677,0.13308421960259326
235,0.06696679797069009,0.2222847495772269,0.22228474957722766,0.1778277996617818,0.02222847495772254,0.1330894766488142,0.022228474957722653,0.13308947664881418
240,0.06696059520762339,0.2222834573349217,0.222283457334921,0.1778267658679374,0.022228345733492277,0.13309451639380598,0.022228345733492232,0.1330945163938061
245,0.06695464363179596,0.22228221742329088,0.2222822174232906,0.17782577393863255,0.022228221742329097,0.13309935204916587,0.02222822174232911,0.13309935204916587
250,0.06694892828790681,0.22228102672664712,0.22228102672664757,0.17782482138131786,0.02222810267266471,0.13310399576607554,0.02222810267266471,0.13310399576607554
255,0.06694343538987767,0.2222798823728913,0.22227988237289084,0.1778239058983128,0.022227988237289154,0.13310845874572447,0.022227988237289154,0.13310845874572447
260,0.06693815219834441,0.22227878170798795,0.22227878170798873,0.17782302536639075,0.022227878170798875,0.13311275133884526,0.022227878170798875,0.13311275133884526
265,0.06693306693267002,0.2222777222776387,0.22227772227763962,0.17782217782211154,0.02222777222776395,0.13311688311720607,0.022227772227763974,0.1331168831172061
270,0.06692816866853168,0.22227670180594403,0.22227670180594403,0.17782136144475522,0.022227670180594395,0.13312086295681808,0.022227670180594395,0.13312086295681808
275,0.06692344727718057,0.22227571818274627,0.222275718182746,0.17782057454619682,0.0222275718182746,0.1331246990872906,0.0222275718182746,0.1331246990872906
280,0.06691889335740742,0.22227476944945984,0.22227476944945962,0.1778198155595679,0.022227476944945982,0.13312839914710667,0.022227476944945968,0.13312839914710667
285,0.06691449813917079,0.22227385377899345,0.22227385377899417,0.1778190830231951,0.022227385377899447,0.1331319702619239,0.022227385377899464,0.13313197026192392
290,0.06691025348519226,0.22227296947608222,0.2222729694760814,0.17781837558086516,0.02222729694760817,0.13313541904328138,0.02222729694760817,0.13313541904328138
295,0.06690615177309159,0.22227211495272775,0.22227211495272697,0.17781769196218186,0.022227211495272764,0.13313875168436304,0.022227211495272764,0.13313875168436304
300,0.06690218591066469,0.222271288731388,0.22227128873138863,0.17781703098511073,0.02222712887313882,0.13314197394758512,0.022227128873138838,0.13314197394758512
305,0.06689834925978477,0.22227048942912264,0.22227048942912164,0.17781639154329734,0.022227048942912213,0.13314509122642462,0.0222270489429122,0.13314509122642457
310,0.06689463560929668,0.2222697157519376,0.22226971575193663,0.17781577260154946,0.022226971575193603,0.1331481085674462,0.022226971575193686,0.1331481085674462
315,0.06689103912673158,0.2222689664847358,0.22226896648473543,0.17781517318778867,0.022226896648473587,0.13315103070953066,0.022226896648473594,0.13315103070953066
320,0.06688755435908006,0.22226824049147492,0.222268240491475,0.1778145923931802,0.022226824049147685,0.13315386208324717,0.022226824049147685,0.13315386208324706
325,0.06688417618432926,0.22226753670506874,0.22226753670506852,0.17781402936405505,0.02222675367050692,0.13315660685023226,0.022226753670506902,0.1331566068502323
330,0.06688089977694277,0.2222668541201966,0.22226685412019673,0.17781348329615723,0.0222266854120196,0.1331592689312338,0.0222266854120196,0.13315926893123378
335,0.06687772061544393,0.22226619179488422,0.22226619179488402,0.17781295343590753,0.022226619179488427,0.13316185199995179,0.022226619179488434,0.13316185199995179
340,0.06687463443373148,0.22226554884036082,0.22226554884036068,0.17781243907228844,0.02222655488403604,0.13316435952259326,0.02222655488403604,0.13316435952259326
345,0.06687163720041947,0.22226492441675447,0.2222649244167541,0.17781193953340335,0.022226492441675478,0.13316679477465884,0.022226492441675478,0.13316679477465884
350,0.0668687251403513,0.22226431773757307,0.22226431773757313,0.17781145419005867,0.02222643177375726,0.13316916082346464,0.02222643177375731,0.1331691608234646
355,0.06686589465760566,0.22226372805366815,0.22226372805366737,0.17781098244293425,0.022226372805366802,0.1331714605906955,0.022226372805366792,0.1331714605906955
360,0.06686314238505937,0.2222631546635535,0.22226315466355506,0.17781052373084344,0.022226315466355413,0.13317369681213895,0.02222631546635533,0.13317369681213886
365,0.06686046511435138,0.22226259689882347,0.2222625968988232,0.17781007751905847,0.02222625968988233,0.13317587209458948,0.022226259689882365,0.1331758720945894
370,0.06685785983132105,0.2222620541315253,0.2222620541315254,0.17780964330522017,0.02222620541315247,0.13317798888705157,0.022226205413152483,0.13317798888705157
375,0.06685532366700843,0.22226152576396005,0.2222615257639601,0.17780922061116786,0.02222615257639605,0.13318004952055576,0.022226152576396044,0.13318004952055582
380,0.06685285389786988,0.2222610112287233,0.22226101122872266,0.17780880898297816,0.022226101122872276,0.13318205620798068,0.022226101122872276,0.13318205620798068
385,0.06685044796710217,0.22226050999314548,0.22226050999314637,0.17780840799451708,0.02222605099931466,0.13318401102672978,0.02222605099931466,0.13318401102672978
390,0.06684810342147635,0.22226002154614108,0.22226002154614075,0.17780801723691275,0.02222600215461409,0.1331859159700505,0.022226002154614073,0.1331859159700505
395,0.06684581793966035,0.22225954540409656,0.22225954540409643,0.1778076363232765,0.022225954540409525,0.1331877729240255,0.0222259545404096,0.1331877729240255
400,0.06684358931829491,0.22225908110797785,0.2222590811079777,0.17780726488638246,0.022225908110797873,0.1331895836788857,0.02222590811079785,0.1331895836788857
405,0.06684141546509469,0.22225862822189496,0.22225862822189488,0.17780690257751558,0.0222258628221895,0.13319134993461035,0.022225862822189482,0.13319134993461035
410,0.06683929438489192,0.22225818633018551,0.22225818633018607,0.17780654906414864,0.0222258186330186,0.13319307331227534,0.02222581863301862,0.13319307331227537
415,0.06683722417975275,0.2222577550374482,0.22225775503744868,0.1778062040299587,0.022225775503744848,0.13319475535395106,0.022225775503744848,0.13319475535395106
420,0.06683520303499643,0.222257333965624,0.22225733396562417,0.1778058671724994,0.02222573339656245,0.1331963975340655,0.02222573339656245,0.1331963975340655
425,0.06683322923338866,0.22225692275695608,0.22225692275695616,0.17780553820556472,0.022225692275695572,0.1331980012478717,0.022225692275695597,0.13319800124787168
430,0.06683130112704504,0.2222565210681348,0.22225652106813373,0.17780521685450693,0.022225652106813387,0.1331995678342764,0.022225652106813373,0.13319956783427628
435,0.06682941715161429,0.2222561285732523,0.22225612857325322,0.17780490285860256,0.02222561285732535,0.1332010985643134,0.022225612857325334,0.1332010985643135
440,0.06682757580521093,0.22225574495941866,0.22225574495941872,0.17780459596753434,0.022225574495941685,0.13320259465826695,0.02222557449594165,0.13320259465826695
445,0.06682577565553265,0.22225536992823625,0.22225536992823525,0.17780429594258856,0.022225536992823553,0.13320405727988002,0.022225536992823553,0.13320405727988005
450,0.06682401533992972,0.22225500319581842,0.22225500319581873,0.177804002556655,0.022225500319581894,0.13320548753630712,0.022225500319581894,0.13320548753630712
455,0.06682229355136668,0.2222546444898684,0.22225464448986806,0.17780371559189442,0.022225464448986747,0.1332068864895145,0.022225464448986747,0.1332068864895146
460,0.06682060903142716,0.22225429354821374,0.22225429354821394,0.17780343483857122,0.022225429354821333,0.1332082551619655,0.022225429354821313,0.13320825516196558
465,0.06681896059151997,0.22225395012323212,0.22225395012323368,0.17780316009858707,0.022225395012323335,0.13320959451939027,0.02222539501232335,0.1332095945193905
470,0.06681734708472302,0.22225361397598375,0.22225361397598414,0.1778028911807869,0.02222536139759824,0.13321090549366288,0.022225361397598276,0.13321090549366288
475,0.06681576740582132,0.22225328487621274,0.22225328487621274,0.1778026279009702,0.02222532848762124,0.13321218898277026,0.022225328487621328,0.13321218898277026
480,0.06681422049840965,0.2222529626038355,0.2222529626038354,0.17780237008306837,0.02222529626038357,0.1332134458450419,0.02222529626038357,0.1332134458450419
485,0.0668127053690311,0.22225264695188224,0.2222526469518815,0.17780211756150535,0.02222526469518812,0.13321467688766175,0.02222526469518815,0.13321467688766184
490,0.06681122103078826,0.22225233771474778,0.22225233771474728,0.1778018701717983,0.022225233771474874,0.13321588291248435,0.022225233771474874,0.13321588291248432
495,0.06680976656685961,0.2222520347014291,0.2222520347014289,0.1778016277611432,0.022225203470142944,0.13321706466442662,0.022225203470142972,0.13321706466442668
500,0.06680834108115216,0.22225173772524043,0.2222517377252405,0.17780139018019286,0.022225173772523983,0.13321822287156304,0.02222517377252389,0.13321822287156315
