M,X,Y_{cj},Y_{rj},T,U,V,W
5,0.1428571428571426,0.06349206349206386,0.21428571428571405,0.14285714285714282,0.0714285714285715,0.20899470899470907,0.15608465608465594
10,7.823045914156465e-16,0.5000000000000051,0.4999999999999937,2.625503404771324e-32,1.8282118168952605e-16,5.7921467652687855e-33,1.4880793858449794e-16
15,5.461575137144022e-16,0.5000000000000031,0.49999999999999634,0.0,2.4825341532472825e-17,0.0,2.4825341532472825e-17
20,1.0923150274287987e-15,0.500000000000002,0.4999999999999959,0.0,5.213321721819267e-16,0.0,5.213321721819267e-16
25,4.468561475845085e-16,0.5000000000000053,0.49999999999999223,0.0,1.0178390028313803e-15,0.0,1.0178390028313803e-15
30,2.234280737922531e-16,0.4999999999999909,0.500000000000007,0.0,9.433629782339574e-16,0.0,9.433629782339574e-16
35,1.4895204919483574e-16,0.499999999999992,0.5000000000000066,0.0,6.454588798442882e-16,0.0,6.454588798442882e-16
40,1.0424198741909377e-15,0.5000000000000224,0.49999999999997663,5.697635876727918e-32,1.221585790067505e-17,3.195381464087682e-33,1.0179881583895876e-18
45,3.4755478145461856e-16,0.49999999999999134,0.5000000000000084,0.0,4.96506830649455e-17,0.0,4.96506830649455e-17
50,3.8966148357669696e-16,0.4999999999999812,0.5000000000000183,1.562952125846642e-32,4.5663455106644176e-17,1.2108652353844628e-34,3.247179029805808e-17
55,1.2973536595723987e-16,0.49999999999999983,0.49999999999999994,0.0,1.216269055849124e-17,0.0,1.216269055849124e-17
60,7.447602459741817e-16,0.500000000000011,0.49999999999998773,0.0,2.9790409838967267e-16,0.0,2.9790409838967267e-16
65,5.827548111300499e-16,0.5000000000000105,0.4999999999999888,3.25890106042159e-32,1.9222814950470397e-17,6.238643539434349e-34,2.529317756640842e-17
70,1.9411316562282238e-16,0.4999999999999924,0.5000000000000073,5.222316504759198e-33,1.11210667804742e-17,8.64275963805816e-34,4.0440242838088e-18
75,6.466434037442941e-17,0.5000000000000367,0.4999999999999631,3.927741401336175e-32,3.485812098309086e-17,2.032957957271007e-34,3.991002257484315e-17
80,5.81663313179755e-16,0.49999999999999245,0.500000000000007,6.90145646965431e-33,2.625563566436394e-17,1.3866731524449022e-34,3.0799880298580777e-17
85,3.8758961766228917e-16,0.5000000000000128,0.4999999999999869,7.352563511064932e-33,5.046739813311057e-18,8.27120109425545e-34,1.4635545458602066e-17
90,1.9371210225035882e-16,0.49999999999998673,0.5000000000000131,6.260473125622027e-32,1.816050958597114e-17,5.502119924929342e-34,1.412484078908866e-17
95,3.4755478145461797e-16,0.5000000000000323,0.49999999999996564,0.0,1.0178390028313813e-15,0.0,1.0178390028313813e-15
100,0.0,0.5000000000000001,0.5,0.0,4.032736345380715e-18,0.0,4.032736345380715e-18
105,9.67554801540332e-16,0.49999999999998085,0.5000000000000183,1.569211661568051e-32,1.3102304604191998e-17,4.38493857570565e-34,1.7133782943943385e-17
110,0.0,0.5,0.5,0.0,5.54170933263841e-18,0.0,5.54170933263841e-18
115,1.2412670766236353e-16,0.5000000000000268,0.4999999999999721,0.0,4.2203080605203603e-16,0.0,4.2203080605203603e-16
120,2.7307875685719977e-16,0.49999999999999073,0.5000000000000087,0.0,2.234280737922543e-16,0.0,2.234280737922543e-16
125,2.4825341532472732e-17,0.4999999999999847,0.5000000000000143,0.0,4.716814891169819e-16,0.0,4.716814891169819e-16
130,7.086874183456845e-16,0.5000000000000366,0.4999999999999621,1.0311787615077927e-33,3.4276713912884317e-16,1.6712614988620404e-33,3.392438352024087e-16
135,6.951095629092372e-16,0.5000000000000306,0.49999999999996836,0.0,1.4895204919483655e-16,0.0,1.4895204919483655e-16
140,1.9320851550952357e-16,0.500000000000005,0.49999999999999456,3.002766637128207e-32,1.962273985643599e-16,1.7400976937981474e-34,1.922022211579115e-16
145,6.206335383118164e-16,0.49999999999995987,0.5000000000000373,0.0,1.0426643443638518e-15,0.0,1.0426643443638518e-15
150,2.5753056531482153e-16,0.5000000000000103,0.49999999999998906,8.599404604223761e-33,1.2298090472553492e-16,1.4240662015272542e-34,1.247413675743667e-16
155,5.958081967793441e-16,0.5000000000000191,0.49999999999997935,0.0,5.213321721819261e-16,0.0,5.213321721819261e-16
160,1.1585692734970572e-15,0.5000000000000412,0.49999999999995737,2.5735750235699414e-32,7.869622018328534e-17,5.006484342639651e-34,8.548471202018217e-17
165,7.079261167355351e-16,0.4999999999999771,0.5000000000000222,7.97158322245591e-33,6.083740065696005e-17,1.8886987458741222e-34,5.88262469162341e-17
170,1.9304805331867093e-16,0.4999999999999769,0.5000000000000229,2.0707780916928562e-33,4.072107374690715e-17,3.9025526047575295e-35,3.921288583035503e-17
175,6.434221359414915e-16,0.500000000000013,0.4999999999999864,8.694924412237324e-33,2.965773907855313e-17,2.8744841366760563e-35,2.7144371360031676e-17
180,4.96506830649454e-17,0.4999999999999905,0.5000000000000089,0.0,2.4825341532472707e-16,0.0,2.4825341532472707e-16
185,1.029265479159874e-15,0.49999999999999567,0.5000000000000033,6.14213670705183e-32,2.261569656357145e-17,7.967833194354813e-35,1.809255725085716e-17
190,7.075535309936748e-16,0.5000000000000725,0.4999999999999269,4.1734090357830454e-32,2.462366691668329e-17,9.995321141339047e-35,2.7136285989814237e-17
195,5.788558184137965e-16,0.4999999999999536,0.5000000000000457,4.0348833823939024e-32,1.9094202343510646e-17,1.1779539904874954e-34,2.2360315902269047e-17
200,6.431186399481068e-17,0.4999999999999894,0.5000000000000105,3.9792022052855375e-32,1.63291842174324e-17,4.577618236634644e-35,1.3314565592675648e-17
205,9.681883197664332e-16,0.49999999999999495,0.5000000000000029,0.0,6.206335383118163e-16,0.0,6.206335383118163e-16
210,2.979040983896717e-16,0.5000000000000298,0.49999999999996936,0.0,2.979040983896717e-16,0.0,2.979040983896717e-16
215,7.199349044417085e-16,0.4999999999999218,0.5000000000000766,0.0,5.461575137143995e-16,0.0,5.461575137143995e-16
220,7.715104552508488e-16,0.5000000000000221,0.4999999999999771,5.1769599358421744e-33,8.036567242196342e-18,1.1562779555857852e-34,9.794566326426792e-18
225,1.0929001128343751e-15,0.5000000000000009,0.49999999999999806,2.73931080229156e-32,7.282652406295239e-18,5.029146512957446e-35,5.022518900893268e-18
230,1.9285239678290668e-16,0.5000000000000616,0.49999999999993816,2.570054437931202e-32,1.0797725340709619e-17,1.1103875530404211e-34,1.3057714365509305e-17
235,1.4895204919483658e-16,0.5000000000000511,0.49999999999994654,0.0,1.1419657104937471e-15,0.0,1.1419657104937471e-15
240,1.285528508865712e-16,0.49999999999999983,0.49999999999999994,0.0,3.0129574426540127e-18,0.0,3.0129574426540127e-18
245,1.2854561485464657e-16,0.5000000000000346,0.49999999999996514,9.969250285567702e-33,4.268116118220686e-18,4.672255846655638e-37,6.27664135032454e-18
250,5.213321721819264e-16,0.49999999999997796,0.5000000000000211,0.0,1.2412670766236343e-16,0.0,1.2412670766236343e-16
255,1.2853199224739005e-16,0.5000000000000365,0.49999999999996336,4.195634646277865e-32,2.0083123788654695e-18,2.8914397761299996e-34,4.267663805089122e-18
260,4.96506830649455e-17,0.50000000000006,0.4999999999999394,0.0,2.482534153247275e-16,0.0,2.482534153247275e-16
265,1.2412670766236336e-16,0.49999999999997596,0.5000000000000229,0.0,3.9720546451956273e-16,0.0,3.9720546451956273e-16
270,1.0923642956042115e-15,0.499999999999921,0.5000000000000778,5.931623424377305e-32,7.028079107747685e-18,6.85179240597083e-34,3.2630367285971394e-18
275,3.8552314001287153e-16,0.5000000000000561,0.49999999999994355,3.181639235731957e-32,6.5257823179262104e-18,6.074295446561938e-35,8.031732083601491e-18
280,1.0674896858963242e-15,0.4999999999999901,0.5000000000000069,0.0,9.930136612989063e-16,0.0,9.930136612989063e-16
285,1.1419657104937406e-15,0.49999999999988737,0.5000000000001089,0.0,1.2660924181561037e-15,0.0,1.2660924181561037e-15
290,4.96506830649455e-16,0.5000000000000334,0.4999999999999655,0.0,2.97904098389673e-16,0.0,2.97904098389673e-16
295,2.482534153247268e-16,0.5000000000000837,0.4999999999999149,0.0,6.206335383118171e-16,0.0,6.206335383118171e-16
300,4.965068306494552e-17,0.49999999999993866,0.5000000000000596,0.0,7.447602459741828e-16,0.0,7.447602459741828e-16
305,5.1390901822183325e-16,0.5000000000000632,0.4999999999999364,5.206158485740534e-32,4.642244549367146e-18,3.440077340177166e-34,2.8857195847417396e-18
310,7.199349044417049e-16,0.5000000000000802,0.4999999999999166,0.0,1.266092418156102e-15,0.0,1.266092418156102e-15
315,5.709828552468721e-16,0.5000000000000556,0.4999999999999437,0.0,0.0,0.0,0.0
320,1.9269624477263058e-16,0.5000000000000259,0.4999999999999739,4.3763298309142175e-32,1.3799861279289951e-18,7.162904640992892e-35,2.5090656871436274e-19
325,1.7377739072730876e-16,0.49999999999998507,0.5000000000000141,0.0,2.4825341532472677e-16,0.0,2.4825341532472677e-16
330,8.688869536365448e-16,0.5000000000000168,0.4999999999999813,0.0,3.972054645195633e-16,0.0,3.972054645195633e-16
335,5.958081967793439e-16,0.500000000000034,0.49999999999996514,0.0,1.986027322597813e-16,0.0,1.986027322597813e-16
340,1.9267275304544373e-16,0.4999999999999048,0.500000000000095,7.573526561995334e-32,1.2543799026396076e-19,3.3625323318866903e-34,8.780659318477255e-19
345,1.28444870012833e-16,0.49999999999989975,0.5000000000001001,1.6495956676625624e-33,4.766508848132475e-18,1.9590219010108314e-34,5.89541883847964e-18
350,5.13765366475509e-16,0.4999999999999953,0.5000000000000041,1.1057508058725663e-31,2.3831889558190112e-18,1.055369140288185e-34,1.3797409744215329e-18
355,8.9906538719669e-16,0.5000000000000694,0.4999999999999297,3.959182587550128e-32,5.393388901989073e-18,2.786179144141679e-34,6.5222377419402755e-18
360,1.1559112057306282e-15,0.5000000000001169,0.4999999999998819,4.671232146724959e-32,7.400039185992521e-18,2.0076965516220273e-34,6.271219649146204e-18
365,1.0674896858963209e-15,0.49999999999990785,0.5000000000000902,0.0,4.71681489116979e-16,0.0,4.71681489116979e-16
370,1.9264227039155276e-16,0.49999999999996,0.5000000000000399,5.075425381063398e-32,3.260871764440346e-18,1.6680130346994002e-34,4.5150532123020176e-18
375,2.568502179392413e-16,0.5000000000001296,0.49999999999987016,1.8718425554286296e-32,3.2607937824317735e-18,2.1446693423638465e-34,4.891190673647661e-18
380,1.9860273225978183e-16,0.5000000000001329,0.4999999999998649,0.0,8.937122951690184e-16,0.0,8.937122951690184e-16
385,1.5639965165457773e-15,0.49999999999987876,0.5000000000001171,0.0,1.2909177596885783e-15,0.0,1.2909177596885783e-15
390,9.930136612989089e-17,0.500000000000046,0.499999999999954,0.0,7.447602459741818e-17,0.0,7.447602459741818e-17
395,8.93712295169017e-16,0.5000000000001076,0.499999999999889,0.0,1.2660924181561074e-15,0.0,1.2660924181561074e-15
400,1.3483144783353426e-15,0.499999999999847,0.5000000000001517,2.9951154758653854e-32,5.768458519663856e-18,2.1203201633503404e-34,7.147872513496516e-18
405,7.695855875066557e-16,0.5000000000000975,0.499999999999901,0.0,3.227294399221459e-16,0.0,3.227294399221459e-16
410,1.9860273225978183e-16,0.4999999999999588,0.5000000000000393,0.0,7.447602459741818e-16,0.0,7.447602459741818e-16
415,1.2412670766236353e-16,0.49999999999993494,0.5000000000000646,0.0,1.2412670766236353e-16,0.0,1.2412670766236353e-16
420,9.630056537084336e-16,0.5000000000000645,0.4999999999999346,3.245213273692397e-32,1.1285222504395705e-18,1.788020338677772e-34,6.269568057997616e-19
425,6.419918283617195e-16,0.49999999999993344,0.5000000000000661,7.748885214264057e-32,5.517117274983526e-18,8.090274873572569e-35,4.514005043168341e-18
430,3.209900824628788e-16,0.5000000000001028,0.4999999999998969,7.356020282723063e-33,7.523205057723723e-19,2.774285043220319e-34,2.0061880153929926e-18
435,5.777718923752798e-16,0.4999999999999041,0.5000000000000954,4.367848690571533e-32,2.5076905051010405e-19,2.3450887691026786e-35,3.761535757651561e-19
440,1.4895204919483628e-16,0.5000000000001333,0.49999999999986616,0.0,1.2412670766236356e-16,0.0,1.2412670766236356e-16
445,1.0271147925863033e-15,0.5000000000000772,0.4999999999999218,6.305472102509944e-32,6.269011185219137e-19,1.4012449957348095e-34,1.5045626844525925e-18
450,4.965068306494546e-17,0.5000000000000322,0.4999999999999674,0.0,1.2412670766236363e-16,0.0,1.2412670766236363e-16
455,2.234280737922541e-16,0.5000000000001432,0.499999999999855,0.0,7.69585587506653e-16,0.0,7.69585587506653e-16
460,3.7238012298709023e-16,0.50000000000014,0.4999999999998586,0.0,4.965068306494537e-16,0.0,4.965068306494537e-16
465,1.1171403689612696e-15,0.5000000000001416,0.49999999999985734,0.0,7.447602459741798e-17,0.0,7.447602459741798e-17
470,2.5675831246954515e-16,0.5000000000000462,0.4999999999999534,9.136884912821532e-32,3.1342567440130017e-18,4.366378712039769e-35,2.2566648556893615e-18
475,4.468561475845087e-16,0.49999999999990075,0.5000000000000969,0.0,9.930136612989085e-16,0.0,9.930136612989085e-16
480,3.723801229870904e-16,0.5000000000000384,0.49999999999996053,0.0,2.482534153247269e-16,0.0,2.482534153247269e-16
485,3.4755478145461743e-16,0.49999999999978645,0.5000000000002123,0.0,4.2203080605203543e-16,0.0,4.2203080605203543e-16
490,7.060446250828689e-16,0.500000000000005,0.49999999999999434,2.1688854268696677e-32,5.8920627448321804e-18,1.7165979404791754e-35,6.644240967576714e-18
495,7.199349044417081e-16,0.5000000000001381,0.4999999999998603,0.0,5.213321721819265e-16,0.0,5.213321721819265e-16
500,1.155314419766016e-15,0.49999999999996814,0.5000000000000306,9.206639194814445e-32,1.2535963756141667e-19,4.977158480539896e-35,8.775174629299168e-19
