M,X_{cj},X_{rj},Y_{cj},Y_{rj},Z,T,U,V,W
5,0.055555555555555546,0.11111111111111097,0.05555555555555556,0.15740740740740752,0.11111111111111116,0.1111111111111112,0.0648148148148148,0.2777777777777776,0.05555555555555556
10,0.05328643971190226,0.06423260272552984,0.24307699140592046,0.23585974106726446,0.15964557749106184,0.016166640758588726,0.11011303324376537,0.02627079123270621,0.09134818236326084
15,0.05164797360603788,0.06325865230228035,0.2435512469297569,0.2342658784595221,0.1592723751297601,0.01606395199813173,0.11319969358829855,0.02631753837970025,0.09242268960651193
20,0.05073219622123939,0.06270412495713441,0.2438752306612012,0.23331176412952986,0.15906233159691036,0.016009520388000617,0.11495756242141121,0.026338243218968733,0.09300902640560402
25,0.050147285580339325,0.06234618444103844,0.24410503389612667,0.2326778818273199,0.15892763857448233,0.015975754791429667,0.11609289516607237,0.026349621539111537,0.09337770418407977
30,0.04974134578800819,0.062096058050766234,0.24427522885109726,0.23222651565123353,0.15883391483410927,0.01595275127148022,0.11688669751377152,0.026356719492236863,0.09363076854729689
35,0.04944312690398485,0.06191141924828769,0.2444059328013081,0.2318888726925233,0.15876493516461046,0.015936067601009386,0.11747294933720594,0.026361532386521332,0.09381516386454902
40,0.049214771080171436,0.06176953012303864,0.24450930005608698,0.23162682903100354,0.15871204302903047,0.015923412211794226,0.1179236484167093,0.026364993990019576,0.0939554720621459
45,0.04903430108816212,0.061657086003245404,0.24459302234779012,0.2314175721199572,0.15867019815591535,0.015913482538284996,0.11828094050064426,0.02636759515482966,0.09406580209117085
50,0.04888808328053146,0.06156578371045797,0.24466217807474844,0.23124662206424484,0.1586362667129982,0.015905483206052923,0.1185711389979178,0.026369616894246016,0.09415482705880217
55,0.04876721114351309,0.061490173451497154,0.24472024538465456,0.23110434801320764,0.15860819779928695,0.01589890097991779,0.11881152158036343,0.026371230966564966,0.09422817068099443
60,0.0486656198858521,0.06142653017490738,0.2447696823135381,0.23098409628392944,0.15858459286582244,0.015893389813714496,0.11901390220668447,0.026372547932417317,0.0942896385231344
65,0.048579036773043656,0.06137222133179372,0.24481227332328834,0.23088112300735694,0.158564465443548,0.015888707880183605,0.11918663272795671,0.02637364201420899,0.09434189749862004
70,0.048504364741462476,0.06132533374268308,0.24484934428977445,0.23079195506057262,0.15854709978344897,0.0158846810747422,0.1193357845772202,0.02637456480324648,0.09438687192684939
75,0.04843930403851107,0.0612844435971434,0.2448819004360617,0.23071399140779014,0.15853196394795108,0.015881180854380752,0.11946587739926469,0.026375353225348067,0.09442598509354902
80,0.048382111173263485,0.061248469406208796,0.2449107174601345,0.23064524564535446,0.1585186543684963,0.015878110247175455,0.11958034503117093,0.02637603437753919,0.09446031229065698
85,0.048331440297378535,0.061216574946839415,0.24493640336202302,0.2305841745997854,0.15850685932060196,0.015875394717649587,0.11968184315055258,0.02637662857745097,0.09449068102771861
90,0.048286235966517425,0.06118810347396275,0.2449594413387602,0.23052956127858915,0.15849633420578285,0.015872976032367363,0.1197724578664203,0.02637715134798173,0.09451773848961822
95,0.048245658826258225,0.061162532026395496,0.24498022018320706,0.23048043303935856,0.1584868844075216,0.015870808033852803,0.1198538506352102,0.02637761474608593,0.09454199810210999
100,0.048209032984683785,0.06113943900173341,0.24499905623798568,0.23043600318476531,0.15847835314091657,0.015868853663314475,0.11992736111878549,0.02637802827478111,0.0945638723930341
105,0.048175808080984046,0.0611184807443911,0.24501620948936711,0.23039562857865187,0.1584706126893388,0.015867082824498717,0.11999408146686559,0.026378399522281926,0.09458369660362073
110,0.04814553143458328,0.061099374327691656,0.24503189556658816,0.23035877833152718,0.15846355796603787,0.01586547082170975,0.12005491095760418,0.026378734619164707,0.0946017459750932
115,0.04811782728276997,0.06108188469951656,0.2450462948103085,0.23032501032495717,0.15845710171175562,0.015863997199702506,0.1201105967981408,0.02637903857108144,0.09461824860176737
120,0.04809238111621286,0.061065814971696254,0.24505955919674832,0.23029395341235415,0.15845117086970054,0.015862644871288797,0.12016176495193011,0.026379315504419656,0.09463339510564943
125,0.04806892770186245,0.0610509989864966,0.2450718176899762,0.23026529374789376,0.15844570381262316,0.01586139945229879,0.12020894374085306,0.026379568850375096,0.09464734601762093
130,0.048047241765591935,0.06103729552707791,0.24508318045095365,0.23023876410304736,0.15844064818466663,0.01586024874577419,0.12025258223068513,0.026379801485264837,0.09466023750693828
135,0.04802713076203566,0.06102458382095954,0.2450937421297749,0.23021413554865267,0.15843595922614273,0.015859182342591174,0.12029306451208582,0.02638001583772782,0.0946721858200297
140,0.04800842913334856,0.06101275996588935,0.24510358450388772,0.230191210824359,0.1584315984427494,0.01585819130513769,0.12033072105372442,0.026380213972353024,0.09468329079855105
145,0.04799099374610331,0.06100173408685606,0.24511277859037128,0.2301698190523243,0.15842753254756484,0.0158572679164144,0.12036583773400386,0.0263803976551651,0.09469363867119686
150,0.04797470020913532,0.060991428040018864,0.24512138636350722,0.23014981145755684,0.15842373260702164,0.015856405478009584,0.12039866313621739,0.026380568405659045,0.09470330430287406
155,0.04795943989920675,0.06098177355672658,0.2451294621509014,0.23013105790164248,0.15842017335084765,0.015855598147195494,0.1204294144461055,0.026380727538289836,0.09471235300908426
160,0.04794511756399833,0.06097271074700117,0.2451370537638113,0.2301134440837599,0.15841683261585693,0.01585484080582291,0.12045828220748989,0.026380876195580556,0.09472084201667913
165,0.047931649302905735,0.06096418683769727,0.24514420345759363,0.23009686917409292,0.15841369087722904,0.01585412895013946,0.1204854343327988,0.026381015375510332,0.09472882169203267
170,0.04791896092116086,0.060956155143505344,0.24515094871755702,0.23008124388158427,0.15841073086638008,0.01585345860108377,0.12051101937375228,0.026381145953654057,0.09473633654132235
175,0.04790698660092681,0.060948574235964094,0.24515732289456474,0.23006648889267375,0.15840793726241278,0.015852826231890316,0.12053516916272213,0.026381268700987556,0.09474342601785776
180,0.04789566770985738,0.06094140719744572,0.2451633557817347,0.2300525334642509,0.15840529641532827,0.01585222870339995,0.1205580011845795,0.026381384299443467,0.09475012524396016
185,0.04788495185805547,0.060934621030756045,0.24516907407020355,0.23003931431071586,0.1584027961269726,0.015851663212838728,0.1205796204536583,0.02638149335425932,0.09475646558254007
190,0.047874792114308354,0.06092818616832688,0.2451745017288377,0.23002677467800595,0.15840042546894764,0.015851127251277075,0.1206001210742203,0.026381596404186667,0.09476247511188941
195,0.0478651462769567,0.06092207601497094,0.24517966036193103,0.23001486347746627,0.15839817461313213,0.015850618564193928,0.1206195876945336,0.02638169393072079,0.09476817906609449
200,0.047855976322723155,0.06091626660252305,0.24518456947762526,0.23000353463319467,0.15839603470360603,0.015850135121604214,0.12063809660499705,0.02638178636519519,0.09477360016853136
205,0.04784724787793885,0.06091073625799624,0.24518924674897213,0.22999274645214254,0.15839399773370452,0.01584967508951501,0.12065571679356,0.026381874095377164,0.09477875895079367
210,0.0478389298062638,0.06090546534499511,0.24519370821646247,0.22998246113407722,0.1583920564501805,0.015849236807634514,0.12067251076806465,0.026381957470668793,0.09478367400165275
215,0.04783099382808426,0.060900436024767045,0.24519796847665973,0.22997264431742004,0.15839020426469333,0.015848818768849693,0.12068853531630522,0.02638203680681482,0.09478836219640582
220,0.04782341420811908,0.06089563206008357,0.24520204083681388,0.22996326470670095,0.15838843518117135,0.01584841960237399,0.12070384212977299,0.026382112389768477,0.09479283888519571
225,0.047816167476067456,0.06089103863977813,0.24520593745384445,0.22995429373866252,0.15838674373083578,0.015848038058696643,0.12071847836180108,0.026382184479116506,0.09479711806119764
230,0.047809232173594285,0.06088664221972661,0.24520966946092415,0.22994570527906955,0.1583851249133311,0.015847672995982765,0.12073248713348125,0.026382253311139758,0.09480121251275071
235,0.04780258863521475,0.06088243038508793,0.24521324707733785,0.22993747535993328,0.15838357414575743,0.015847323368288042,0.12074590797190472,0.02638231910143909,0.09480513395503681
240,0.04779621884657747,0.06087839176145087,0.24521667967786762,0.2299295820112849,0.15838208722971772,0.015846988217899392,0.12075877709272952,0.026382382046740416,0.09480889311573228
245,0.04779010621518348,0.060874515870315386,0.2452199759103709,0.22992200498341553,0.1583806602979287,0.015846666663087226,0.12077112786016281,0.026382442327497042,0.09481249987203913
250,0.04778423547644722,0.06087079307025135,0.2452231437413309,0.22991472563582654,0.1583792897923856,0.015846357893011427,0.12078299097404153,0.026382500109109742,0.09481596330759554
255,0.047778592555703006,0.0608672144700355,0.24522619052584543,0.22990772677089738,0.15837797243224727,0.015846061160330334,0.12079439474624094,0.02638255554353286,0.0948192917951673
260,0.0477731644437598,0.06086377185027834,0.24522912307095604,0.22990099248362908,0.158376705184862,0.015845775774539855,0.12080536535008589,0.02638260877072166,0.09482249307116726
265,0.047767939107716754,0.06086045760733781,0.24523194768046608,0.22989450805455688,0.1583754852450083,0.01584550109718498,0.12081592699880338,0.02638265991969435,0.09482557428923147
270,0.047762905386789026,0.06085726468766688,0.24523467020832032,0.22988825982359104,0.15837431001063695,0.015845236536295076,0.12082610215449129,0.02638270910971953,0.09482854208248995
275,0.047758052930819014,0.06085418654916884,0.24523729608930042,0.22988223511640732,0.15837317706856854,0.015844981543077365,0.12083591165103517,0.026382756451061612,0.09483140260056158
280,0.04775337213116212,0.060851217117684604,0.24523983037416175,0.22987642216105847,0.1583720841784072,0.01584473560821339,0.12084537483258684,0.02638280204577954,0.09483416155094601
285,0.047748854022360614,0.060848350724893835,0.2452422777808802,0.2298708099679416,0.15837102924960697,0.01584449825664,0.1208545097513111,0.02638284598880338,0.09483682425756228
290,0.047744490284396604,0.06084558210998466,0.24524464269170523,0.22986538833446077,0.15837001034205542,0.01584426904760922,0.12086333316187227,0.026382888368000908,0.0948393956599149
295,0.047740273122101176,0.060842906343379084,0.24524692921694077,0.22986014769683638,0.15836902563792496,0.015844047568315214,0.1208718607644391,0.02638292926545025,0.09484188038461298
300,0.04773619528133485,0.060840318837173474,0.2452491411848373,0.2298550791516658,0.1583680734455003,0.015843833434694945,0.12088010717123239,0.02638296875734214,0.09484428273621881
305,0.04773224997118974,0.06083781529596507,0.24525128218254863,0.22985017436051544,0.15836715218102143,0.015843626287314394,0.12088808606318507,0.026383006914817583,0.09484660674344289
310,0.04772843083650468,0.060835391699550614,0.2452533555699845,0.2298454255168974,0.15836626036229356,0.01584342578988875,0.12089581024495676,0.026383043804282243,0.0948488561756416
315,0.04772473190855175,0.060833044271776264,0.2452553645056152,0.2298408252859549,0.15836539659718993,0.015843231626668577,0.1209032917441512,0.026383079487948616,0.09485103457214379
320,0.04772114760614394,0.06083076948135372,0.24525731194502765,0.22983636680675765,0.15836455958392853,0.015843043502468478,0.12091054180861757,0.026383114023861707,0.0948531452418409
325,0.047717672686058296,0.06082856401051546,0.24525920066707432,0.22983204363145704,0.1583637480995098,0.015842861140046842,0.12091757100630497,0.026383147466425887,0.09485519129260744
330,0.04771430220778368,0.0608264247327276,0.24526103329235963,0.22982784968214354,0.1583629609915011,0.015842684278231246,0.12092438929621262,0.026383179866782753,0.09485717565225785
335,0.04771103154154107,0.060824348717873115,0.24526281227826288,0.22982377926148626,0.15836219717991656,0.015842512672323193,0.12093100601183186,0.02638321127276654,0.09485910106399871
340,0.04770785631838966,0.0608223332006663,0.24526453994550834,0.22981982699122988,0.15836145564557919,0.015842346091465863,0.12093742996177716,0.02638324172941665,0.09486097011596696
345,0.04770477240916661,0.06082037556733955,0.24526621848914856,0.22981598778649673,0.15836073542521506,0.01584218431752007,0.12094366947214134,0.02638327127920504,0.0948627852537672
350,0.0477017759467638,0.060818473369860536,0.24526784996597736,0.22981225688400514,0.1583600356166606,0.01584202714622244,0.12094973234116996,0.026383299961848985,0.09486454876749126
355,0.04769886324706836,0.060816624275800306,0.2452694363371671,0.22980862974406416,0.15835935536041082,0.01584187438302704,0.12095562599900668,0.026383327815091017,0.09486626283836451
360,0.04769603086008442,0.060814826100835294,0.2452709794400685,0.2298051021146129,0.1583586938515602,0.015841725845773966,0.12096135740406529,0.026383354874229808,0.09486792950876964
365,0.04769327549798296,0.06081307676311321,0.24527248102706875,0.22980166994197412,0.1583580503230152,0.015841581360907173,0.12096693318843348,0.02638338117282506,0.09486955072467997
370,0.047690594071680976,0.06081137430653213,0.24527394274535994,0.22979832941673073,0.15835742405403025,0.01584144076538498,0.12097235958368976,0.026383406742368835,0.09487112831422227
375,0.04768798364050828,0.060809716868804514,0.24527536616409998,0.22979507691132114,0.15835681435847343,0.01584130390402895,0.12097764252261362,0.026383431612776183,0.09487266401737393
380,0.047685441412522164,0.0608081026817062,0.24527675277399877,0.22979190898067062,0.15835622058489005,0.015841170629537826,0.1209827876384286,0.02638345581240006,0.09487415948584575
385,0.047682964766529536,0.060806530085085075,0.24527810397507796,0.2297888223898996,0.15835564212165965,0.015841040803633258,0.12098780022009133,0.026383479367830743,0.09487561627019292
390,0.047680551187149964,0.06080499748565935,0.24527942111188275,0.2297858140336059,0.1583550783818297,0.0158409142936489,0.12099268534361841,0.02638350230452844,0.0948770358580766
395,0.04767819829403099,0.06080350337559046,0.2452807054573671,0.22978288097247018,0.15835452880994572,0.015840790974057287,0.1209974478128558,0.02638352464655287,0.09487841965712975
400,0.04767590382757909,0.06080204632345542,0.24528195822050053,0.2297800204156561,0.1583539928787184,0.015840670725717577,0.12100209218826204,0.02638354641671098,0.09487976900339978
405,0.047673665641914435,0.06080062496978482,0.24528318054996062,0.22977722971219441,0.1583534700873853,0.015840553435499158,0.12100662280109013,0.026383567636629857,0.09488108516554128
410,0.04767148169054705,0.060799238017999725,0.24528437354180466,0.2297745063332866,0.15835295995836426,0.01584043899553089,0.12101104378228916,0.026383588326903514,0.09488236935327429
415,0.047669350026555604,0.06079788423452765,0.24528553823924945,0.2297718478726444,0.15835246203729764,0.01584032730320164,0.12101535906209916,0.0263836085070964,0.0948836227173281
420,0.04766726878822782,0.06079656243971209,0.2452866756403906,0.22976925202872572,0.15835197588970532,0.015840218260408694,0.12101957239903277,0.0263836281958878,0.0948848463579091
425,0.047665236213706816,0.060795271517130274,0.24528778669009035,0.2297667166231254,0.15835150110440577,0.015840111774319154,0.1210236873501617,0.026383647410936937,0.09488604131612342
430,0.047663250612115265,0.060794010395259,0.24528887229565302,0.2297642395646518,0.15835103728676814,0.015840007755855253,0.12102770732954274,0.02638366616916322,0.09488720859099183
435,0.04766131037818073,0.060792778056784305,0.24528993331874085,0.22976181886767244,0.15835058406213703,0.015839906120458623,0.12103163557854066,0.026383684486615284,0.09488834913087019
440,0.04765941397057076,0.060791573524854634,0.24529097058713178,0.2297594526251941,0.15835014107077508,0.01583980678694935,0.12103547520963856,0.026383702378675912,0.0948894638462098
445,0.04765755991925877,0.06079039586776339,0.24529198489060874,0.22975713901811426,0.1583497079695744,0.015839709677914572,0.12103922919150452,0.02638371986000061,0.0948905536052608
450,0.04765574682561738,0.060789244199024234,0.24529297698084365,0.229754876315432,0.15834928443209276,0.015839614719706258,0.12104290034873873,0.026383736944519186,0.09489161923402577
455,0.04765397334798661,0.06078811766821148,0.24529394757920925,0.2297526628563044,0.158348870145172,0.015839521841688457,0.12104649139107655,0.02638375364557693,0.0948926615247743
460,0.04765223819449005,0.060787015456407224,0.24529489738066423,0.22975049704114886,0.15834846480727122,0.015839430975852827,0.12105000492788945,0.026383769976001854,0.09489368124027421
465,0.04765054014489294,0.060785936790094225,0.2452958270417195,0.22974837735898893,0.15834806813356958,0.015839342057968265,0.12105344342389117,0.026383785947909518,0.09489467910096584
470,0.04764887802162962,0.06078488092275833,0.2452967371962495,0.22974630235134455,0.15834767984919795,0.015839255026057455,0.12105680925778692,0.02638380157297032,0.09489565580200558
475,0.047647250689858506,0.06078384713492888,0.245297628455412,0.22974427061235275,0.15834729968925462,0.015839169820400623,0.12106010472212955,0.026383816862417586,0.09489661201324559
480,0.047645657064782077,0.06078283473883884,0.24529850140359596,0.2297422807979573,0.15834692740051748,0.015839086383915988,0.12106333200846761,0.026383831826978888,0.094897548374946
485,0.04764409612624873,0.06078184308770483,0.24529935659037144,0.22974033164417867,0.15834656274484968,0.01583900466292508,0.12106649317776573,0.026383846476742273,0.09489846548921362
490,0.04764256686065757,0.06078087153882375,0.24530019456228364,0.22973842189463628,0.15834620548564005,0.015838924604106953,0.1210695902780132,0.026383860821701407,0.09489936395413723
495,0.04764106832641628,0.06077991949517316,0.24530101582694727,0.22973655038230495,0.15834585540308385,0.015838846157927786,0.12107262521165091,0.026383874871148627,0.09490024432534722
500,0.047639599603114896,0.060778986373108405,0.24530182088086458,0.22973471596608983,0.15834551228231825,0.01583876927597472,0.12107559983849463,0.026383888634146983,0.09490110714588779
