M,X,Y_{cj},Y_{rj},Z,T,U,V,W
5,0.12499999999999956,0.020833333333333485,0.020833333333333558,0.12500000000000022,0.1944444444444441,0.15972222222222246,0.19444444444444417,0.15972222222222246
10,0.051546391752577726,0.05154639175257881,0.05154639175257973,0.04123711340206377,0.006872852233677191,0.39518900343642277,0.0068728522336771805,0.39518900343642277
15,0.038363171370215145,0.03836317137021447,0.038363171370212966,0.03069053709617138,0.005115089516028945,0.42199488488056414,0.005115089516028854,0.42199488488056414
20,0.030549898167006574,0.030549898167005384,0.030549898167007664,0.024439918533605248,0.004073319755601107,0.4378818737270865,0.004073319755601036,0.4378818737270865
25,0.025380710659898505,0.025380710659898616,0.025380710659901023,0.020304568527919852,0.0033840947546527923,0.4483925549915381,0.003384094754652809,0.44839255499153824
30,0.0217076700245671,0.02170767002456751,0.02170767002456725,0.017366136019653543,0.0028943560032754084,0.45586107095004685,0.0028943560032754084,0.4558610709500469
35,0.018963337564189844,0.01896333756419065,0.01896333756418977,0.015170670051352647,0.0025284450085585226,0.46144121361948004,0.0025284450085585226,0.46144121361948004
40,0.016835016835019145,0.0168350168350205,0.016835016835017754,0.013468013468015237,0.002244668911336234,0.4657687991021273,0.0022446689113365054,0.4657687991021273
45,0.015136226020562898,0.015136226020563031,0.015136226020562842,0.012108980816450456,0.0020181634694083394,0.4692230070915222,0.00201816346940827,0.46922300709152187
50,0.013748854262143314,0.01374885426214284,0.013748854262145727,0.010999083409714878,0.001833180568285335,0.4720439963336413,0.0018331805682852175,0.4720439963336413
55,0.012594458449919937,0.012594458449920146,0.012594458449920427,0.010075566759935765,0.0016792611266557066,0.4743912678184961,0.0016792611266557636,0.47439126781849617
60,0.011618900099060275,0.01161890009906086,0.011618900099060607,0.00929512007924826,0.0015491866798745771,0.47637490313191055,0.0015491866798745771,0.47637490313191033
65,0.01078360892452901,0.01078360892453081,0.010783608924529401,0.008626887139624038,0.001437814523270803,0.4780733285201226,0.001437814523270803,0.4780733285201226
70,0.0100603621824854,0.010060362182486014,0.01006036218248544,0.008048289745989234,0.0013413816243316536,0.4795439302289453,0.0013413816243316536,0.4795439302289454
75,0.009428032661624463,0.009428032661623889,0.009428032661624569,0.0075424261292996045,0.0012570710215498218,0.4808296669213639,0.0012570710215498962,0.4808296669213639
80,0.008870490833827606,0.008870490833828314,0.008870490833829082,0.0070963926670627574,0.0011827321111770907,0.48196333530454905,0.0011827321111770907,0.48196333530454905
85,0.00837520939216064,0.008375209392160911,0.008375209392160701,0.006700167513729676,0.001116694585622217,0.4829704075692719,0.0011166945856220844,0.4829704075692719
90,0.00793231093903615,0.007932310939034817,0.007932310939036543,0.006345848751228877,0.0010576414585377898,0.4838709677572887,0.0010576414585375543,0.4838709677572996
95,0.007533902568717566,0.007533902568718204,0.007533902568718898,0.006027122054975352,0.0010045203424957363,0.48468106477693923,0.0010045203424957434,0.48468106477693923
100,0.007173601147775785,0.007173601147776727,0.007173601147775216,0.005738880918220774,0.0009564801530368643,0.485413677666182,0.0009564801530369624,0.4854136776661957
105,0.006846188938411715,0.006846188938413108,0.006846188938412345,0.005476951150730664,0.0009128251917885744,0.4860794158252275,0.0009128251917885207,0.4860794158252275
110,0.0065473592380631915,0.0065473592380623225,0.006547359238062131,0.005237887390449303,0.0008729812317414487,0.4866870362159402,0.0008729812317414487,0.4866870362159399
115,0.0062735257395575535,0.006273525739557361,0.006273525739556367,0.005018820591644877,0.0008364700986072883,0.4872438309962346,0.0008364700986073911,0.4872438309962346
120,0.006021678017739648,0.00602167801773959,0.00602167801774169,0.004817342414191271,0.0008028904023659119,0.4877559213639238,0.0008028904023655783,0.4877559213639324
125,0.005789270551910667,0.00578927055191082,0.005789270551910282,0.00463141644152884,0.0007719027402550561,0.4882284832111146,0.0007719027402550705,0.4882284832111146
130,0.005574136014305575,0.0055741360143057184,0.005574136014306323,0.004459308811444963,0.0007432181352411384,0.48866592343757753,0.0007432181352411384,0.48866592343757753
135,0.005374417766211616,0.005374417766212783,0.0053744177662143665,0.00429953421297144,0.0007165890354952304,0.4890720172086997,0.0007165890354951308,0.4890720172086997
140,0.005188516054247159,0.00518851605424651,0.00518851605424673,0.004150812843396707,0.0006918021405656723,0.48945001735636573,0.0006918021405656723,0.48945001735636573
145,0.005015045118389062,0.005015045118388744,0.005015045118388167,0.0040120360947105615,0.0006686726824522525,0.48980274159260956,0.0006686726824521983,0.48980274159260945
150,0.004852798470650328,0.004852798470647928,0.004852798470647187,0.0038822387765172998,0.0006470397960860226,0.49013264310968263,0.0006470397960860226,0.49013264310968263
155,0.004700720774901141,0.004700720774900549,0.004700720774898624,0.0037605766199196406,0.0006267627699865915,0.49044186775770343,0.0006267627699866445,0.49044186775770343
160,0.004557885141290992,0.004557885141287457,0.0045578851412881125,0.003646308113029251,0.0006077180188379384,0.4907323002127141,0.0006077180188380287,0.49073230021271413
165,0.004423473929484307,0.004423473929485622,0.004423473929484813,0.0035387791435876285,0.0005897965239313308,0.4910056030100474,0.0005897965239313308,0.4910056030100474
170,0.004296763075834057,0.0042967630758336236,0.0042967630758319565,0.003437410460665744,0.0005729017434444233,0.4912632484124729,0.0005729017434444183,0.4912632484124729
175,0.004177109430092048,0.004177109430095242,0.00417710943009475,0.003341687544077226,0.0005569479240132612,0.4915065441588071,0.0005569479240131634,0.4915065441588071
180,0.004063939343548656,0.0040639393435477145,0.00406393934354583,0.0032511514748375507,0.000541858579139775,0.491736656668126,0.0005418585791397161,0.4917366566681147
185,0.003956739642667624,0.003956739642667092,0.003956739642666533,0.0031653917141326393,0.0005275652856889346,0.4919546293932441,0.0005275652856889346,0.4919546293932441
190,0.0038550501194152833,0.003855050119416012,0.0038550501194143504,0.003084040095532124,0.0005140066825888286,0.4921613980905223,0.000514006682588878,0.4921613980905223
195,0.003758456506985672,0.0037584565069853867,0.003758456506984865,0.0030067652055884345,0.0005011275342650931,0.49235780510246274,0.0005011275342650931,0.49235780510246274
200,0.0036665851869969466,0.0036665851869967245,0.0036665851869971595,0.0029332681495977562,0.0004888780249332019,0.4925446101197726,0.0004888780249331596,0.4925446101197726
205,0.0035790980812935727,0.003579098081293244,0.0035790980812935727,0.002863278465034707,0.0004772130775059501,0.4927225005680365,0.0004772130775059913,0.4927225005680365
210,0.003495688678036393,0.0034956886780357654,0.0034956886780340576,0.002796550942428082,0.0004660918237370814,0.4928920996879814,0.00046609182373715994,0.49289209968801007
215,0.003416078348753068,0.0034160783487519352,0.0034160783487520415,0.0027328626790010776,0.00045547711316683097,0.4930539740242042,0.000455477113166785,0.49305397402420414
220,0.0033400133273305036,0.0033400133273301996,0.0033400133273320106,0.002672010661865348,0.0004453351103109762,0.49320863956775995,0.000445335110311027,0.49320863956775995
225,0.003267262002389797,0.003267262002388717,0.003267262002389433,0.0026138096019117795,0.00043563493365176474,0.4933565672618083,0.00043563493365191236,0.4933565672618083
230,0.003197612458778822,0.0031976124587803577,0.0031976124587788954,0.0025580899670240615,0.00042634832783758494,0.4934981880004814,0.00042634832783758494,0.4934981880004814
235,0.0031308703466474317,0.0031308703466490255,0.0031308703466484244,0.002504696277319073,0.0004174493795532257,0.49363389696181487,0.00041744937955318084,0.49363389696181487
240,0.003066857517433536,0.003066857517433948,0.0030668575174334443,0.002453486013946777,0.00040891433565750214,0.4937640563812187,0.00040891433565750214,0.4937640563812187
245,0.0030054097714574636,0.003005409771456514,0.00300540977145569,0.002404327817164032,0.00040072130286086875,0.4938890001313724,0.0004007213028608033,0.4938890001313723
250,0.0029463759575733,0.00294637595757393,0.002946375957572369,0.0023571007660591692,0.00039285012767668333,0.4940090355529339,0.00039285012767668333,0.49400903555293396
255,0.0028896166243188317,0.0028896166243181573,0.002889616624318642,0.0023116932994547007,0.00038528221657588616,0.49412444619721907,0.00038528221657593213,0.4941244461972188
260,0.002835002801567852,0.002835002801568997,0.00283500280156922,0.0022680022412552864,0.0003780003735427317,0.49423549430347663,0.0003780003735427317,0.49423549430347663
265,0.002782415132235079,0.0027824151322357483,0.0027824151322377276,0.0022259321057895238,0.0003709886842980584,0.49434242256445293,0.0003709886842980584,0.49434242256445293
270,0.002731742849252612,0.002731742849251041,0.002731742849251347,0.002185394279400304,0.0003642323799002579,0.49444545620652225,0.00036423237989995826,0.49444545620652225
275,0.002682883178758422,0.002682883178758655,0.0026828831787572187,0.002146306543006027,0.0003577177571675309,0.49454480420319236,0.0003577177571675988,0.49454480420319225
280,0.002635740663869775,0.0026357406638688476,0.0026357406638699934,0.0021085925310961404,0.00035143208851632675,0.4946406606501313,0.00035143208851632675,0.49464066065013146
285,0.0025902261914183757,0.002590226191420416,0.0025902261914182182,0.0020721809531358973,0.00034536349218958125,0.4947332067441124,0.00034536349218989524,0.4947332067441153
290,0.002546257029782377,0.0025462570297821296,0.002546257029780518,0.0020370056238245638,0.0003395009373043149,0.49482261070611094,0.0003395009373042093,0.49482261070611094
295,0.0025037556272861253,0.0025037556272861253,0.0025037556272871457,0.0020030045018284135,0.0003338340836380624,0.49490903022452915,0.0003338340836378072,0.4949090302245072
300,0.002462649786938664,0.002462649786937388,0.0024626497869414898,0.001970119829549879,0.00032835330492433874,0.49499261209989215,0.0003283533049240443,0.49499261209989215
305,0.002422871892934129,0.002422871892933395,0.002422871892933589,0.0019382975143475306,0.00032304958572507256,0.49507349381770077,0.000323049585724738,0.49507349381770077
310,0.002384358642780585,0.002384358642779312,0.002384358642779613,0.0019074869142228952,0.00031791448570363533,0.4951518040930152,0.00031791448570363533,0.4951518040930152
315,0.002347050558331683,0.0023470505583327813,0.0023470505583332675,0.001877640446666645,0.000312940074444344,0.49522766386472367,0.0003129400744443039,0.4952276638647233
320,0.0023108920043133883,0.0023108920043114533,0.002310892004315034,0.0018487136034502107,0.0003081189339080272,0.49530118625789704,0.00030811893390781856,0.49530118625789704
325,0.0022758306950293526,0.0022758306950299316,0.0022758306950281322,0.0018206645560233461,0.0003034440926709948,0.4953724775867736,0.0003034440926709231,0.4953724775867736
330,0.002241817344498507,0.002241817344498692,0.0022418173444979823,0.0017934538755987044,0.0002989089792663106,0.49544163806618674,0.0002989089792663884,0.49544163806618674
335,0.002208805752730934,0.002208805752730734,0.002208805752730413,0.0017670446021842334,0.0002945074336969978,0.4955087616361148,0.0002945074336971048,0.4955087616361148
340,0.002176752307073027,0.002176752307073294,0.0021767523070738096,0.0017414018456595535,0.0002902336409435746,0.4955739369756167,0.0002902336409434117,0.4955739369756166
345,0.002145615773731336,0.0021456157737307665,0.002145615773730475,0.0017164926189846075,0.00028608210316420423,0.4956372479267472,0.00028608210316416287,0.4956372479267472
350,0.0021153575267389628,0.0021153575267395318,0.002115357526738695,0.0016922860213910962,0.0002820476702316958,0.4956987730289642,0.0002820476702316958,0.4956987730289642
355,0.002085940753104871,0.0020859407531062966,0.002085940753105304,0.0016687526024852333,0.00027812543374773147,0.4957585871353514,0.0002781254337476634,0.4957585871353514
360,0.002057330972224972,0.0020573309722251095,0.0020573309722227737,0.001645864777779911,0.000274310796296799,0.4958167603564767,0.0002743107962970934,0.4958167603564767
365,0.0020294953121151454,0.002029495312114386,0.002029495312114668,0.0016235962496915807,0.0002705993749486057,0.49587335953203343,0.0002705993749486568,0.49587335953203343
370,0.0020024028814811384,0.0020024028814823016,0.00200240288148016,0.001601922305184981,0.0002669870508643014,0.4959284474743214,0.00026698705086427096,0.4959284474743214
375,0.0019760242636353686,0.0019760242636354475,0.0019760242636350745,0.0015808194109091075,0.00026346990181780187,0.49598208399726285,0.00026346990181764493,0.4959820839972868
380,0.0019503315216757924,0.0019503315216771407,0.0019503315216756708,0.0015602652173415334,0.0002600442028907703,0.4960343259059243,0.0002600442028908555,0.49603432590592406
385,0.0019252984231571937,0.0019252984231567924,0.0019252984231579924,0.001540238738525604,0.0002567064564207553,0.4960852265395805,0.0002567064564206597,0.4960852265395805
390,0.001900899785524616,0.0019008997855237523,0.0019008997855245768,0.0015207198284193436,0.0002534533047367633,0.49613483710274064,0.0002534533047366259,0.4961348371027936
395,0.0018771117729895245,0.001877111772989096,0.0018771117729890865,0.0015016894183916662,0.00025028156973231405,0.496183206061588,0.00025028156973226287,0.496183206061588
400,0.001853911753798747,0.0018539117537967943,0.001853911753797515,0.0014831294030380041,0.00024718823383914755,0.49623037943394516,0.00024718823383918523,0.49623037943394555
405,0.0018312782303956574,0.0018312782303962609,0.001831278230394917,0.0014650225843168589,0.000244170430719511,0.49627640093152864,0.00024417043071953533,0.49627640093152864
410,0.001809190695855977,0.0018091906958557676,0.0018091906958556116,0.0014473525566846006,0.00024122542611401405,0.49632131225176,0.00024122542611401405,0.49632131225176
415,0.0017876296367420495,0.001787629636741814,0.0017876296367408326,0.001430103709393553,0.00023835061823279533,0.4963651530719716,0.0002383506182325598,0.4963651530719448
420,0.0017665763889639229,0.0017665763889620231,0.0017665763889600258,0.001413261111167898,0.00023554351852837026,0.49640796134244475,0.00023554351852827403,0.49640796134244475
425,0.0017460132869761117,0.001746013286978153,0.0017460132869761117,0.0013968106295810035,0.0002328017715980278,0.4964497729831597,0.00023280177159857736,0.4964497729831323
430,0.0017259233724186162,0.0017259233724184358,0.0017259233724197416,0.001380738697935419,0.000230123116322567,0.49649062247608133,0.00023012311632255848,0.49649062247608133
435,0.0017062905429743363,0.0017062905429734011,0.0017062905429742392,0.0013650324343785006,0.00022750540572940496,0.49653054256262025,0.00022750540572955114,0.49653054256262025
440,0.0016870993339500515,0.0016870993339495885,0.0016870993339492572,0.0013496794671593103,0.0002249465778598022,0.4965695646876361,0.00022494657785973035,0.4965695646876361
445,0.0016683349934126786,0.0016683349934138558,0.0016683349934154457,0.001334667994732639,0.00022244466578980683,0.49660771884670873,0.00022244466578941432,0.4966077188467373
450,0.0016499834838307572,0.0016499834838307986,0.0016499834838293048,0.0013199867870645236,0.00021999779784430024,0.496645033582878,0.0002199977978443898,0.496645033582878
455,0.0016320313366196655,0.0016320313366212935,0.0016320313366194705,0.001305625069297099,0.00021760417821643742,0.49668153628220474,0.0002176041782163314,0.496681536282205
460,0.0016144655799120845,0.0016144655799123987,0.0016144655799136746,0.0012915724639311202,0.00021526207732165713,0.4967172533208436,0.00021526207732175523,0.4967172533208436
465,0.0015972739604212473,0.0015972739604205551,0.0015972739604210816,0.0012778191683365007,0.00021296986138945374,0.4967522096138109,0.00021296986138935137,0.4967522096138109
470,0.0015804446505401906,0.0015804446505400097,0.0015804446505379723,0.0012643557204313782,0.00021072595340563394,0.49678642921056976,0.00021072595340563145,0.49678642921056937
475,0.0015639662493124836,0.0015639662493135364,0.0015639662493116154,0.0012511729994501251,0.0002085288332419841,0.49681993529306395,0.0002085288332419841,0.49681993529306423
480,0.001547827857007271,0.0015478278570095626,0.0015478278570093484,0.001238262285608672,0.0002063770476009846,0.49685275002408164,0.0002063770476010675,0.4968527500240814
485,0.0015320192233154776,0.0015320192233146338,0.0015320192233162237,0.0012256153786524332,0.00020426922977505551,0.49688489424591004,0.00020426922977521253,0.49688489424594107
490,0.0015165301594162047,0.0015165301594148443,0.0015165301594147077,0.001213224127531337,0.0002022040212548628,0.4969163886758565,0.00020220402125501762,0.4969163886758565
495,0.0015013512012189735,0.0015013512012189054,0.001501351201216906,0.0012010809609744454,0.0002001801601626189,0.4969472525575228,0.0002001801601626189,0.4969472525575228
500,0.0014864730948377502,0.0014864730948382816,0.0014864730948375988,0.0011891784758705061,0.0001981964126453254,0.4969775047071627,0.0001981964126452681,0.4969775047071627
