M,X_{cj},X_{rj},Y_{cj},Y_{rj},Z,T,U,V,W
5,0.010101010101009968,0.010101010101010222,0.010101010101009998,0.010101010101009989,0.11111111111111106,0.4141414141414139,0.010101010101009956,0.414141414141415,0.010101010101009956
10,2.170855438008519e-15,1.972686061924754e-15,4.323695478191241e-15,5.440650143390645e-15,3.1526946195144466e-15,0.49999999999998307,9.241899084633779e-15,0.4999999999999814,9.241899084633779e-15
15,3.903124888160808e-15,4.09783860140239e-15,9.700283168762462e-15,8.47889714933799e-15,6.000722617172399e-15,0.49999999999995504,3.067626045887837e-14,0.49999999999995265,2.9366368206162275e-14
20,1.1551003528660675e-15,8.750760248985361e-16,2.747738718181403e-15,3.2202797716266126e-15,2.485215910711842e-15,0.49999999999998745,6.4755625842491655e-15,0.49999999999998745,8.173210072552326e-15
25,2.2227712179066544e-15,2.3443290188859246e-15,5.05333144070966e-15,2.292232818466237e-15,1.99702101608801e-15,0.49999999999995826,3.563380108706606e-14,0.49999999999995376,3.846436130986906e-14
30,4.437686842005115e-15,4.334083258145073e-15,9.73873688284391e-15,9.963211314540666e-15,7.0277764385061544e-15,0.49999999999990863,7.150374012740538e-14,0.49999999999991296,7.150374012740538e-14
35,8.596685054568247e-17,4.298342527284123e-16,3.6106077229186635e-16,2.579005516370474e-16,1.7193370109136494e-16,0.49999999999999095,6.447513790926185e-15,0.49999999999999095,1.0230055214936214e-14
40,5.226422390000672e-15,5.432052123377748e-15,1.1720894802493308e-14,1.0247215046624267e-14,7.539756890492771e-15,0.4999999999998543,1.2063611024788434e-13,0.4999999999998542,1.3059201650555775e-13
45,4.118629908052566e-15,3.5204886350988734e-15,8.305618818728411e-15,9.724068123161453e-15,6.408656495932416e-15,0.4999999999998959,8.637159981451315e-14,0.4999999999998959,8.984081919764457e-14
50,2.5237073884384536e-15,2.5237073884384536e-15,5.661289547037614e-15,6.13874770160705e-15,4.075446390789125e-15,0.49999999999996003,3.173391520191867e-14,0.4999999999999431,4.413077514377512e-14
55,6.723177260978437e-15,6.433825328227466e-15,1.59824391090095e-14,1.295275416608757e-14,1.038262817518189e-14,0.49999999999975187,2.1195880109104934e-13,0.49999999999976646,2.172352186882729e-13
60,2.939992173143744e-15,3.619759149593164e-15,7.375471694476212e-15,6.644722194793086e-15,4.3335144748650555e-15,0.499999999999873,1.0945947738276793e-13,0.49999999999988326,1.0945947738276793e-13
65,2.1553748507941645e-15,1.7310884628425573e-15,4.2428638795160715e-15,4.0222349577812354e-15,2.7833187049625424e-15,0.4999999999999631,2.47104392343016e-14,0.4999999999999727,2.47104392343016e-14
70,2.441056675024619e-15,2.6105744996791065e-15,6.441677336870522e-15,6.7637612037140485e-15,4.593933048136609e-15,0.4999999999999486,3.8938244323135757e-14,0.4999999999999483,4.1328445650764034e-14
75,2.049084523697706e-15,1.964411609495322e-15,6.2319264852955035e-15,4.9110290237383036e-15,4.148972795916843e-15,0.4999999999998975,6.575698516957184e-14,0.49999999999995165,6.575698516957184e-14
80,5.0758256575558425e-17,2.1995244516075317e-16,4.568243091800257e-16,8.459709429259737e-16,4.3990489032150634e-16,0.4999999999999825,7.799852093777477e-15,0.5000000000000039,3.7222721488742845e-15
85,3.1276007623149337e-15,3.0937888621817987e-15,6.728568126493748e-15,8.030326281619424e-15,5.663493272300015e-15,0.4999999999998828,1.1369251419766447e-13,0.4999999999998828,9.40308942702468e-14
90,2.7368130597578282e-15,2.618555705323848e-15,6.89271437272342e-15,6.335215416106084e-15,4.628930730701512e-15,0.4999999999999071,7.032933807266567e-14,0.49999999999992906,7.032933807266567e-14
95,6.753230854852094e-17,1.3506461709704189e-15,1.4012954023818097e-15,1.5363600194788514e-15,7.935046254451211e-16,0.4999999999999411,3.9388218960924843e-14,0.49999999999998423,3.0153175766914605e-14
100,9.111573528663226e-16,9.617772058033406e-16,1.6704551469215912e-15,9.95523774428019e-16,5.061985293701793e-16,0.49999999999985767,1.5493049655589951e-13,0.49999999999985767,1.2471044435249983e-13
105,1.4672016825838661e-15,1.1467783266172747e-15,3.777622722974552e-15,3.27169110829046e-15,2.715166332137959e-15,0.49999999999991646,7.732321511088537e-14,0.49999999999991657,7.732321511088537e-14
110,9.945198306566737e-16,4.888317811702295e-16,2.7475717355430135e-15,1.9890396613133474e-15,1.1125137088701774e-15,0.4999999999999809,6.742507326485923e-16,0.49999999999999967,1.132741230849635e-14
115,4.2122075143002613e-16,2.864301109724178e-16,1.3310575745188826e-15,2.274592057722141e-15,1.3816040646904858e-15,0.49999999999999567,5.526416258761943e-15,0.49999999999998734,5.661206899219552e-15
120,2.206300733554208e-15,2.7789284048583536e-15,5.473646858054333e-15,4.6147053510981145e-15,3.570501950484672e-15,0.4999999999998891,9.077832789203954e-14,0.4999999999998891,1.1250449542093215e-13
125,6.3975583106923336e-15,7.407699096591122e-15,1.601073145649581e-14,1.4057792603758153e-14,1.0808506409117046e-14,0.4999999999995899,3.68819236611413e-13,0.4999999999995899,3.965812725438647e-13
130,2.743263803727847e-15,2.9788815537412822e-15,6.698276036096215e-15,5.890443750335868e-15,3.955012232368369e-15,0.49999999999975453,2.209926196733151e-13,0.4999999999997767,2.255703359592904e-13
135,2.6919069279725843e-16,8.412209149914326e-16,5.552058038943454e-16,4.206104574957163e-16,5.215569672946882e-16,0.4999999999999863,6.426927790534546e-15,0.4999999999999863,1.84395624566122e-14
140,6.223168088033549e-16,1.2614529908176116e-15,2.977029058329563e-15,1.0428011390758921e-15,1.4632854693484293e-15,0.4999999999998819,7.896695722518248e-14,0.49999999999995287,7.896695722518248e-14
145,1.7319106249289913e-15,1.815983956236224e-15,4.1027785677929504e-15,3.0770839258447126e-15,2.539014605478424e-15,0.49999999999979317,1.8728175281999132e-13,0.4999999999998215,1.8479318221329722e-13
150,1.681026458143226e-16,4.706874082801033e-16,6.892208478387226e-16,5.043079374429678e-16,5.0430793744296775e-17,0.4999999999999583,5.0027347394342404e-14,0.4999999999999691,2.0676625435161675e-14
155,4.403208528659378e-15,4.235147134435737e-15,1.0436612581288068e-14,1.0839959927424803e-14,7.697211855442728e-15,0.4999999999996996,2.8931769015599693e-13,0.49999999999969946,2.741081339787575e-13
160,2.1674922544172618e-15,1.5794129605831209e-15,5.175097785740439e-15,4.805447943901836e-15,3.746905215000382e-15,0.4999999999999265,5.682526204991612e-14,0.4999999999999266,7.251857806251862e-14
165,4.535627578529132e-16,8.399310330609504e-17,1.2766951702526446e-15,2.6373834438113843e-15,1.8982441347177482e-15,0.4999999999999587,5.2159717153085024e-14,0.49999999999993067,5.2159717153085024e-14
170,1.3772051761874207e-15,1.0916870299046627e-15,3.207880349412162e-15,3.107109238959424e-15,2.3345307254884323e-15,0.49999999999987005,1.3276593802148242e-13,0.49999999999987005,1.1608831924155428e-13
175,2.4012476016605547e-15,2.5355831318233833e-15,6.3809376827343405e-15,5.104750146187472e-15,3.744602903288837e-15,0.4999999999997256,2.940268916438903e-13,0.4999999999997257,2.34449084016676e-13
180,2.400808929086696e-15,3.0387861270258182e-15,5.758583655082075e-15,6.2286721167214285e-15,3.811074314004755e-15,0.4999999999999524,7.800110688487266e-14,0.4999999999998879,6.033921182613696e-14
185,4.784000933186866e-15,4.968646583239692e-15,1.1280170621409031e-14,1.1313742557782273e-14,7.704759397658848e-15,0.49999999999968675,3.3622294277801026e-13,0.4999999999996373,2.9959596019480414e-13
190,2.3664329506659543e-15,2.2825168885856012e-15,6.579019267099675e-15,5.924473982872921e-15,4.514684139922991e-15,0.49999999999976474,2.1596637736999647e-13,0.49999999999976474,2.328502890605635e-13
195,8.054685622055523e-16,1.5438147442273086e-15,3.557486149741189e-15,4.077684596165609e-15,3.440021984419546e-15,0.49999999999979516,1.3528515726044085e-13,0.4999999999999208,1.3528515726044085e-13
200,2.9361685344914143e-15,2.7851655812889986e-15,6.5434613054380085e-15,6.191121081299039e-15,4.563644807895226e-15,0.4999999999996603,3.254281422571169e-13,0.4999999999996657,3.254281422571169e-13
205,1.4427132801526167e-15,1.7446765248357225e-15,2.4828089007277585e-15,2.1808456560446525e-15,1.7111250532042664e-15,0.4999999999996549,3.1654135910697355e-13,0.4999999999996549,3.6415089735200986e-13
210,3.924993482790878e-15,3.2876013787479154e-15,8.487379069624722e-15,8.621566881002187e-15,5.9545841298750514e-15,0.49999999999965106,3.677249236035232e-13,0.4999999999995832,3.677249236035232e-13
215,6.540814859831168e-16,5.869962053694639e-16,9.559652487445556e-16,3.521977232216783e-16,1.0062792092047952e-16,0.4999999999997993,2.0970858719827932e-13,0.49999999999977857,2.0970858719827932e-13
220,8.049244852349431e-15,8.53555339551221e-15,1.9301418385529575e-14,1.7590953854405322e-14,1.2761406942995661e-14,0.4999999999990689,8.842598548109122e-13,0.49999999999912775,8.528174921064222e-13
225,1.2575467494096645e-15,1.0563392695041183e-15,2.6659991087484892e-15,3.638501928291963e-15,2.2300495689531387e-15,0.49999999999994593,2.7481588297099205e-14,0.49999999999994593,6.985253010720885e-14
230,2.6154030305142147e-15,2.514810606263668e-15,5.784064394406437e-15,5.599644949947102e-15,3.721919697270229e-15,0.4999999999998008,2.0038010910708907e-13,0.4999999999998008,1.776629866305073e-13
235,3.252137813216928e-15,3.2689014101922727e-15,8.599725248351978e-15,5.833731747420056e-15,4.727334347047286e-15,0.4999999999995711,3.8231059261971783e-13,0.4999999999996154,4.0542759284871856e-13
240,3.4026583820964687e-15,3.0841829670234004e-15,7.324934546680576e-15,6.3024608456565146e-15,4.592750722632673e-15,0.4999999999996979,3.8299182942129174e-13,0.4999999999995114,3.8299182942129174e-13
245,4.474973535457008e-15,4.324131730891042e-15,9.704156093743849e-15,8.530942058230774e-15,6.134233385682641e-15,0.4999999999992474,6.717488363337711e-13,0.49999999999937594,6.717488363337711e-13
250,2.5808247906685816e-15,2.5808247906685816e-15,5.9995797081776126e-15,4.6086156976224674e-15,3.3684791098986034e-15,0.4999999999995103,4.888987118063281e-13,0.49999999999946804,5.135170989329005e-13
255,3.619526310208675e-15,3.921153502726064e-15,8.51258965549077e-15,6.216871579108418e-15,4.9098204115330625e-15,0.4999999999993545,6.318586971251782e-13,0.4999999999993545,6.318586971251782e-13
260,1.776092343514848e-15,1.8598702842466804e-15,3.2673396885414656e-15,3.4684067462978636e-15,2.19498204717401e-15,0.49999999999963,3.706671209739195e-13,0.49999999999963685,3.4973939137910774e-13
265,3.4848663160586474e-15,3.93722877054703e-15,1.0404336453232789e-14,7.958228365999316e-15,6.919470137174142e-15,0.49999999999970657,3.017927738036751e-13,0.49999999999961203,3.4686147760270284e-13
270,5.746208255119268e-15,5.930488986333006e-15,1.4440908209658337e-14,1.4976997609552847e-14,9.917653898048418e-15,0.49999999999948624,4.4482017956246887e-13,0.49999999999955613,4.617405012466393e-13
275,5.527985645299511e-16,3.51780904700878e-16,5.0254414957268277e-17,6.700588660969105e-16,1.0050882991453655e-16,0.49999999999982075,1.7845342751325967e-13,0.49999999999984024,1.5883745420827263e-13
280,1.6080188261964814e-15,1.021761962479014e-15,3.3500392212426694e-15,4.1037980460222696e-15,2.847533338056269e-15,0.4999999999998718,1.0797176410065122e-13,0.4999999999998718,1.3549233630315977e-13
285,5.543907311932307e-15,5.259174912225815e-15,1.1841518034852392e-14,1.1456291847014196e-14,8.056252015224894e-15,0.49999999999911865,8.501606986295228e-13,0.49999999999904216,9.46986463494419e-13
290,5.459774700100337e-15,5.426279149792972e-15,1.1823929258499501e-14,1.1187513802659583e-14,7.787715446462136e-15,0.49999999999910016,8.815693885395138e-13,0.4999999999991001,8.76394326017026e-13
295,3.784737339554294e-15,3.8014839649505515e-15,9.126910840960576e-15,9.646056228244572e-15,7.06707591722085e-15,0.49999999999955674,4.872095726533322e-13,0.4999999999995358,3.869307797805397e-13
300,5.023654037025133e-16,4.856198902457628e-16,3.3491026913500894e-16,5.0236540370251334e-17,3.349102691350089e-17,0.4999999999998524,1.9779800495113624e-13,0.4999999999998524,9.595179210718004e-14
305,1.674443750003262e-16,1.674443750003262e-17,5.023331250009785e-16,3.348887500006524e-16,4.1861093750081553e-16,0.49999999999991884,2.491572300004854e-14,0.5000000000000308,2.4212456625047168e-14
310,3.3989093490711742e-15,2.980324453865365e-15,6.061109282580125e-15,8.154033758609173e-15,4.704894222113301e-15,0.49999999999939554,5.182248436606006e-13,0.499999999999479,5.820841552731989e-13
315,2.4276460812776117e-15,2.2267374400684298e-15,4.6208987478111784e-15,5.9602896892057225e-15,4.185596691857951e-15,0.4999999999996244,3.4341983737356114e-13,0.49999999999956224,4.5038694643068296e-13
320,1.8415549754913195e-15,1.6741408868102903e-15,4.1351279904214176e-15,3.4152474090929923e-15,2.3940214681387154e-15,0.49999999999970807,2.7233249805742994e-13,0.49999999999977124,2.349824148726923e-13
325,3.281130295566769e-15,3.816825037700119e-15,8.001940210616916e-15,7.68387145747524e-15,5.223023735800163e-15,0.4999999999993458,6.4012173592797e-13,0.4999999999993458,6.4012173592797e-13
330,1.2554655675849716e-15,1.422860976596301e-15,3.5822617528424524e-15,3.2139918530175275e-15,2.644847462379007e-15,0.4999999999997977,2.1396481179828145e-13,0.4999999999998628,1.1346060822787918e-13
335,3.0296953320263777e-15,2.5442745329724277e-15,6.176561201755433e-15,6.34394768418783e-15,4.636605563377385e-15,0.4999999999996213,2.9108509294993764e-13,0.4999999999997019,3.6289389391343573e-13
340,4.904169989764578e-15,5.054810023579873e-15,1.1766660419127982e-14,1.0293735644045104e-14,7.799806195325235e-15,0.49999999999918915,7.300350794319858e-13,0.4999999999991892,8.517187511916734e-13
345,2.878753621223503e-15,3.1967554747307503e-15,7.129936294425652e-15,7.347516509983244e-15,4.652869225000778e-15,0.4999999999996513,3.684637265769501e-13,0.4999999999996175,3.375003882091392e-13
350,9.539589292247407e-16,3.849307960029656e-16,1.1715285095742433e-16,1.5899315487079015e-15,6.861809841791996e-16,0.4999999999998535,1.6185503165846434e-13,0.4999999999998535,1.2731167674758954e-13
355,8.367663128999258e-16,1.0208549017379096e-15,2.5102989386997773e-15,2.3429456761197923e-15,2.242533718571801e-15,0.4999999999997553,2.5134786506887973e-13,0.4999999999997553,2.2910661647199966e-13
360,1.7403934913320546e-15,1.7403934913320546e-15,4.836285759566959e-15,5.572606082822829e-15,3.3803796658564907e-15,0.4999999999998122,2.130141226073627e-13,0.4999999999998122,1.454232638430342e-13
365,2.2088616401099517e-15,2.0582574373751826e-15,5.0034062908551186e-15,4.099781074446502e-15,3.865507870192416e-15,0.4999999999994885,4.847447272023112e-13,0.4999999999994885,5.208228006574406e-13
370,4.032669370718005e-15,3.932270963148261e-15,8.333067828288657e-15,8.466932371714981e-15,5.555378552192437e-15,0.4999999999991769,7.896000094001709e-13,0.4999999999993027,7.005633549537374e-13
375,2.2923326181524635e-15,3.095485652249677e-15,5.772662432573721e-15,4.718524075321129e-15,3.5305268790523343e-15,0.4999999999993678,6.478265837737877e-13,0.4999999999992938,6.712184158918691e-13
380,5.019498117846413e-16,2.0077992471385655e-16,4.517548306061772e-16,6.692664157128552e-17,1.1712162274974966e-16,0.49999999999986994,1.563573663709158e-13,0.49999999999981604,1.563573663709158e-13
385,5.35391480465028e-16,1.8404082140985337e-16,6.69239350581285e-16,1.070782960930056e-15,7.194323018748814e-16,0.49999999999997935,4.350055778778352e-15,0.49999999999997935,3.372966326929676e-14
390,8.197858911711738e-16,1.2547743232211842e-15,1.6061111337231158e-15,0.0,1.840335674057737e-16,0.49999999999949507,3.78925115288488e-13,0.49999999999970474,4.1743832184922354e-13
395,1.0372402456886419e-15,7.193762994292193e-16,3.496503408853648e-15,2.8942348790989524e-15,2.0242914472310593e-15,0.4999999999998627,1.1821192864574103e-13,0.4999999999998627,1.4621741527933438e-13
400,1.288137186378227e-15,8.699108271645169e-16,2.559545318387905e-15,2.1413189591741952e-15,1.67290543685484e-15,0.49999999999974826,2.5797874741738487e-13,0.4999999999996448,3.4043625639996e-13
405,6.189523793992074e-16,9.033359050691136e-16,2.4590810749103644e-15,1.856857138197622e-15,1.5222882844683208e-15,0.4999999999999196,2.4239513452687877e-14,0.49999999999991945,1.2916030598219677e-13
410,2.2248034887527304e-15,1.6560567322294763e-15,4.5332462064059394e-15,3.4292083849196216e-15,2.944100857296846e-15,0.4999999999994331,5.760066415918159e-13,0.4999999999994332,5.428855069472264e-13
415,8.029086297965333e-16,5.185451567435944e-16,2.1745442056989442e-15,2.2581805213027496e-15,1.6392717858345886e-15,0.4999999999996268,2.4532204092908245e-13,0.49999999999976363,3.5682597689207594e-13
420,7.359745449191322e-16,1.3214088420138963e-15,1.4886757840409717e-15,2.6929977666359155e-15,1.3883156188247265e-15,0.49999999999949796,4.981878601334416e-13,0.49999999999949796,4.981878601334416e-13
425,4.0477255284571285e-15,4.7000449318035266e-15,1.087199005577328e-14,9.316459170870335e-15,7.108608882620992e-15,0.4999999999995345,4.4754128911127025e-13,0.4999999999995345,4.4754128911127025e-13
430,3.345119139049269e-16,4.3486548807640496e-16,1.8398155264770977e-16,3.345119139049269e-17,2.8433512681918784e-16,0.5000000000000124,2.3298754803478156e-14,0.4999999999999396,2.3298754803478156e-14
435,3.6795143462300335e-15,3.646064215809761e-15,7.977856105235118e-15,7.392478822880339e-15,5.285120606403139e-15,0.4999999999990149,9.71040561035316e-13,0.4999999999991318,8.542661557381428e-13
440,6.857064135999977e-16,1.4048619205463366e-15,3.294735694614623e-15,2.6592029210341373e-15,2.2578138008780412e-15,0.49999999999993683,5.80509015025754e-14,0.49999999999989325,1.0153472285281917e-13
445,1.8396443653161536e-16,7.191337064417692e-16,9.36546222342769e-16,5.0172119054076923e-17,2.3413655558569227e-16,0.4999999999998667,2.4968991249245614e-13,0.4999999999996319,2.4968991249245614e-13
450,1.0368597196001807e-15,1.3378835091615238e-15,1.722525018045462e-15,2.7593847376456425e-15,1.3880541407550807e-15,0.49999999999980516,2.1284054276373393e-13,0.4999999999997286,2.4528421786090085e-13
455,3.344611769566587e-16,0.0,1.0033835308699758e-15,1.3880138843701336e-15,1.5552444728484627e-15,0.4999999999997524,3.268354621220468e-13,0.4999999999997524,1.640699303560889e-13
460,2.1906585411147873e-15,1.8060391025984505e-15,4.3144267450962986e-15,3.9632524751466005e-15,3.210736182397246e-15,0.49999999999960126,4.4637594227463376e-13,0.49999999999952316,4.1378362550644507e-13
465,5.501577427060942e-15,4.698915674784573e-15,1.2524867759479166e-14,1.1019876973960976e-14,9.213888031339146e-15,0.4999999999987836,1.0745299766203102e-12,0.49999999999895006,1.1488597993050696e-12
470,1.5216715327420942e-15,1.3377332155974451e-15,4.280746289911825e-15,3.46138469535839e-15,3.1938380522389007e-15,0.4999999999997422,2.6761352978026896e-13,0.4999999999997422,2.342370860511127e-13
475,3.210474248081826e-15,3.093425707787176e-15,7.223567058184108e-15,5.4176752936380815e-15,4.514729411365068e-15,0.4999999999991452,7.557322610224281e-13,0.4999999999992258,8.497222388790321e-13
480,9.530846928662226e-16,5.517858748172868e-16,4.1801960213430815e-16,2.0064940902446793e-16,2.1737019310984025e-16,0.4999999999992197,8.649494399522251e-13,0.4999999999992197,6.933105913158783e-13
485,2.9929439114545327e-15,3.7788006926744385e-15,8.00905102562414e-15,6.2534135356647795e-15,4.213529975902471e-15,0.4999999999989504,1.07602185741757e-12,0.4999999999988202,1.1280890492626506e-12
490,3.1099085892407896e-15,3.9124656445287355e-15,7.992130675575793e-15,6.4371763809553974e-15,4.397343865431869e-15,0.499999999999146,8.015872988461394e-13,0.499999999999146,8.805722890373947e-13
495,4.48083367629285e-15,4.547711790864385e-15,9.66388755558682e-15,9.413094625943561e-15,6.972043444082532e-15,0.4999999999989123,9.056467079990851e-13,0.49999999999924133,9.056467079990851e-13
500,4.4974451011069855e-15,4.2800964530980975e-15,9.128643216373286e-15,8.092057356638592e-15,6.303110792257745e-15,0.499999999998386,1.660460075154053e-12,0.499999999998301,1.620166979638559e-12
