M,X_{cj},X_{rj},Y_{cj},Y_{rj},Z,T,V
5,0.012987012987012757,0.012987012987012797,0.012987012987012964,0.012987012987012991,0.14285714285714302,0.4025974025974027,0.4025974025974029
10,1.3689243624148977e-15,1.1775693440128152e-15,3.8467265237751956e-15,3.3364464747029764e-15,4.180371171245493e-15,0.49999999999999284,0.4999999999999932
15,1.4719616800160368e-17,2.845792581364338e-16,2.747661802696602e-16,7.654200736083392e-16,3.0420541386998097e-16,0.499999999999999,0.4999999999999993
20,1.6804895846849486e-15,1.5823588060172144e-15,4.543455052316094e-15,4.121492704044838e-15,5.328501281657969e-15,0.49999999999999134,0.49999999999999134
25,8.782704690762279e-16,5.765183246729429e-16,2.728035646963032e-15,2.8457925813643136e-15,2.7182225690962586e-15,0.4999999999999951,0.4999999999999951
30,6.476631392070538e-16,1.1530366493458913e-16,8.831770080096189e-16,1.4032701349486166e-15,1.88411095042052e-15,0.4999999999999975,0.4999999999999975
35,1.7320082434854967e-15,2.7231291080296052e-15,6.67289294940588e-15,6.447192158470092e-15,7.42849994514743e-15,0.49999999999998745,0.49999999999998745
40,1.2536206974803107e-15,1.233994541746764e-15,2.845792581364306e-15,2.8752318149646267e-15,4.2686888720464596e-15,0.4999999999999937,0.4999999999999937
45,1.0328264454779082e-15,1.4621486021492477e-15,3.493455720571357e-15,2.8654187370978546e-15,4.092053470444539e-15,0.49999999999999356,0.49999999999999356
50,1.0622656790782328e-15,1.1358637630790342e-15,2.355138688025643e-15,1.589718614417309e-15,1.8154194053531e-15,0.49999999999999606,0.49999999999999606
55,3.3609791693699506e-16,2.6740637186958e-16,1.5700924586837725e-16,3.140184917367545e-16,9.813077866773579e-16,0.499999999999999,0.499999999999999
60,1.5700924586837568e-15,1.5136672609498093e-15,3.2971941632358896e-15,2.3943909994927294e-15,2.3355125322920885e-15,0.49999999999999445,0.49999999999999445
65,1.8556686972460644e-15,8.520927691436012e-17,1.9101079574969055e-15,1.7041855382872021e-15,7.384803999244544e-16,0.49999999999999684,0.49999999999999684
70,1.1824758829462067e-15,6.353967918735841e-16,2.3649517658924135e-15,2.433643310959828e-15,3.0126149050994645e-15,0.4999999999999951,0.4999999999999951
75,3.7044368947069784e-16,1.837498830553329e-15,4.2294365605793586e-15,2.7182225690962464e-15,4.288315027779999e-15,0.4999999999999932,0.4999999999999932
80,1.7908867106861774e-16,2.281540604024856e-16,6.378500613402824e-16,1.7663540160192435e-16,1.4719616800160365e-16,0.4999999999999994,0.4999999999999994
85,1.6559568900180097e-15,2.185863094823773e-15,5.505136683259872e-15,5.357940515258273e-15,6.2705567568681974e-15,0.49999999999998945,0.49999999999998945
90,5.789715941396382e-16,2.894857970698191e-16,1.9135501840208383e-15,1.5897186144173118e-15,2.090185585622762e-15,0.4999999999999968,0.4999999999999968
95,1.5700924586837722e-16,4.415885040048109e-17,3.728969589373959e-16,5.887846720064146e-16,6.967285285409239e-16,0.49999999999999906,0.49999999999999906
100,1.2143683860132265e-15,7.065416064076953e-16,3.925231146709419e-17,1.4130832128153906e-15,1.0303731760112225e-15,0.4999999999999978,0.4999999999999978
105,3.876165757375561e-16,3.9252311467094287e-17,9.224293194767158e-16,1.2757001226805645e-16,6.574762170738294e-16,0.499999999999999,0.49999999999999883
110,7.359808400080166e-18,1.521027069349901e-16,1.4327093685489388e-15,1.0598124096115437e-15,1.5897186144173156e-15,0.4999999999999979,0.4999999999999979
115,1.4646018716159424e-15,7.997658461420389e-16,3.2481287739020228e-15,2.8556056592310837e-15,3.552334187772001e-15,0.49999999999999406,0.49999999999999406
120,2.8703252760312625e-16,7.948593072086572e-16,1.7467278602856914e-15,7.752331514751102e-16,1.3149524341476555e-15,0.49999999999999756,0.4999999999999974
125,1.417989751748759e-15,1.4228962906821454e-15,5.328501281657966e-15,4.641585830983827e-15,5.3383143595247395e-15,0.4999999999999909,0.4999999999999909
130,8.463779660092146e-16,1.2904197394807156e-15,2.904671048564957e-15,2.1196248192230764e-15,2.3943909994927345e-15,0.4999999999999952,0.4999999999999952
135,1.7589942076191366e-15,1.6436905426845487e-15,4.975230478454127e-15,4.249062716312893e-15,4.484576585115456e-15,0.49999999999999145,0.49999999999999145
140,1.34193839828127e-15,1.538199955616739e-15,3.817287290174874e-15,3.473829564837803e-15,4.2588757941796796e-15,0.4999999999999928,0.4999999999999928
145,2.5023348560272626e-16,3.4345772533707526e-16,0.0,2.55140024536113e-16,4.710277376051318e-16,0.4999999999999994,0.4999999999999994
150,1.668223237351483e-15,1.4376159074823075e-15,4.680838142450926e-15,4.415885040048044e-15,4.180371171245481e-15,0.49999999999999184,0.49999999999999184
155,1.3633484306297611e-15,1.8935394869857792e-17,3.503048050923692e-16,2.7124953151071287e-15,1.7420563280269171e-15,0.49999999999999684,0.49999999999999684
160,1.3542047456147395e-15,1.4817747578827949e-15,3.552334187771998e-15,3.1696241509678326e-15,3.405138019770396e-15,0.49999999999999356,0.49999999999999356
165,4.906538933386758e-16,5.716117857395573e-16,1.7172886266853654e-15,2.777101036296905e-15,2.1981294421572673e-15,0.49999999999999606,0.49999999999999606
170,2.624998329361923e-16,3.974296536043286e-16,1.295326278414108e-15,7.7523315147511e-16,1.7467278602856912e-15,0.4999999999999975,0.49999999999999795
175,2.4017508078927698e-15,2.0435734657555437e-15,7.614948424616096e-15,7.232238387811937e-15,8.733639301428254e-15,0.4999999999999861,0.49999999999998584
180,6.353967918735878e-16,4.832940849385976e-16,6.771023728073755e-16,7.948593072086581e-16,9.51868553077035e-16,0.4999999999999983,0.4999999999999983
185,5.568921689393972e-16,9.10162972143244e-16,1.6093447701508572e-15,2.325699454425324e-15,1.9331763397543833e-15,0.4999999999999964,0.4999999999999964
190,1.4719616800160308e-16,8.782704690762316e-16,5.299062048057711e-16,1.6289709258844071e-15,1.8742978725537456e-15,0.4999999999999975,0.4999999999999975
195,4.538548513382777e-16,7.359808400080177e-17,1.2757001226805642e-16,1.000933942410904e-15,7.55606995741565e-16,0.4999999999999987,0.4999999999999987
200,1.4106869178043942e-15,8.142219794038786e-16,2.88764771765329e-15,4.215492282902057e-15,3.711337394492098e-15,0.4999999999999935,0.4999999999999935
205,4.023361925377157e-16,5.323594742724653e-16,1.579905536550542e-15,2.7476618026965945e-16,1.3934570570818445e-15,0.49999999999999795,0.49999999999999795
210,7.089948758743855e-16,1.209461847079834e-15,1.8546717168201915e-15,2.52196101176079e-15,3.297194163235896e-15,0.4999999999999954,0.49999999999999495
215,4.587613902716635e-16,8.022191156087376e-16,7.359808400080161e-16,9.714947088105816e-16,7.359808400080161e-16,0.4999999999999981,0.4999999999999981
220,2.5268675506941953e-16,5.200931269389994e-16,3.336446474703015e-16,6.574762170738294e-16,5.299062048057729e-16,0.4999999999999989,0.4999999999999989
225,6.53271123010094e-16,9.846405332326055e-16,2.4971051984624972e-15,7.384803999244541e-16,1.5337669844584817e-15,0.4999999999999968,0.4999999999999968
230,2.2079425200240528e-17,1.0549058706781587e-16,1.1873824218796019e-15,2.9439233600320705e-16,7.457939178747912e-16,0.4999999999999989,0.49999999999999867
235,7.556069957415616e-16,7.016350674743074e-16,1.8841109504205177e-15,8.635508522760705e-16,1.9724286512214796e-15,0.49999999999999684,0.49999999999999684
240,3.876165757375557e-16,4.440417734715038e-16,6.967285285409231e-16,3.82710036804169e-16,1.2757001226805632e-16,0.499999999999999,0.499999999999999
245,2.2079425200240528e-17,5.299062048057726e-16,1.0401862538779983e-15,7.948593072086591e-16,1.6682232373515067e-16,0.4999999999999987,0.4999999999999987
250,2.698596413362733e-16,1.4964943746829702e-16,2.943923360032072e-17,5.29906204805773e-16,8.831770080096216e-16,0.499999999999999,0.4999999999999992
255,1.3959103265485237e-15,7.580602652082492e-16,3.709343433640366e-15,3.4542034091042553e-15,4.307941183513546e-15,0.49999999999999317,0.49999999999999317
260,2.48025543082696e-15,2.2619144482912532e-15,6.741584494473279e-15,6.780836805940373e-15,8.066350006487679e-15,0.4999999999999868,0.4999999999999868
265,1.162849727212657e-15,5.519856300060081e-16,2.845792581364308e-15,3.915418068842617e-15,3.6406518885729595e-15,0.49999999999999395,0.49999999999999395
270,1.7172886266853765e-17,4.0724273147110355e-16,4.90653893338679e-17,4.612146597383582e-16,3.04205413869981e-16,0.4999999999999994,0.4999999999999994
275,5.029202406721455e-16,2.796727192030468e-16,5.69158516272867e-16,3.925231146709428e-17,7.359808400080177e-16,0.4999999999999989,0.4999999999999989
280,1.3468449372146569e-15,1.5406532250834326e-15,3.660278044306499e-15,3.287381085369108e-15,4.3275673392470945e-15,0.4999999999999928,0.4999999999999931
285,1.8399521000200396e-16,5.372660132058516e-16,1.2168216554799197e-15,1.1971954997463726e-15,1.2560739669470138e-15,0.4999999999999979,0.4999999999999977
290,2.104905202422889e-15,2.4287367720264108e-15,6.13317366673336e-15,5.485510527526318e-15,6.545322937137842e-15,0.4999999999999887,0.4999999999999887
295,1.717288626685369e-17,4.2686888720464897e-16,1.8546717168201986e-15,1.5406532250834456e-15,1.9135501840208403e-15,0.49999999999999717,0.49999999999999717
300,6.255837140068111e-16,1.3910037876151447e-15,2.492521778160471e-15,1.7663540160192316e-15,2.2079425200240394e-15,0.4999999999999958,0.4999999999999958
305,1.6044382312174583e-15,1.5014009136163371e-15,3.944857302442925e-15,3.944857302442925e-15,4.38644580644773e-15,0.4999999999999923,0.4999999999999923
310,8.095789240088154e-16,4.342286956047283e-16,1.884110950420516e-15,1.785980171752781e-15,2.1588771306901746e-15,0.49999999999999645,0.49999999999999645
315,7.482471873414846e-16,5.176398574723057e-16,0.0,1.1481301104125076e-15,8.733639301428477e-16,0.49999999999999833,0.49999999999999833
320,0.0,2.6740637186958004e-16,6.869154506741506e-17,6.280369834735091e-16,1.4719616800160367e-16,0.49999999999999944,0.49999999999999944
325,9.862143256107396e-16,6.403033308069728e-16,1.5308401472166706e-15,1.9037371061540646e-15,1.854671716820197e-15,0.49999999999999656,0.49999999999999656
330,1.3738309013482833e-15,1.3051393562808692e-15,3.208876462434919e-15,3.954670380309701e-15,4.317754261380319e-15,0.49999999999999295,0.49999999999999295
335,7.531537262748699e-16,6.550229476071345e-16,1.4228962906821645e-15,7.35980840008016e-16,3.8271003680416843e-16,0.49999999999999806,0.49999999999999806
340,2.3551386880256515e-16,1.2511674280136276e-16,1.1873824218795993e-15,1.5112139914831264e-15,1.2560739669470142e-15,0.4999999999999978,0.4999999999999978
345,8.463779660092136e-16,1.0818918348117774e-15,2.620091790428522e-15,2.7182225690962566e-15,3.061680294433329e-15,0.49999999999999495,0.49999999999999467
350,1.889017489353913e-16,4.047894620044099e-16,6.574762170738293e-16,1.4719616800160362e-16,2.453269466693393e-16,0.4999999999999989,0.4999999999999994
355,7.8749949880857585e-16,8.831770080096179e-17,1.5897186144173122e-15,1.4327093685489356e-15,1.4817747578828032e-15,0.49999999999999734,0.49999999999999734
360,1.069849810146965e-15,9.467697434928893e-17,7.858188870990981e-16,2.2391104433606833e-15,1.6284439588077698e-15,0.4999999999999971,0.4999999999999971
365,1.7001157404185003e-15,1.143223571479107e-15,2.3453256101588543e-15,5.0537351013883274e-15,4.74952968751835e-15,0.49999999999999245,0.49999999999999245
370,1.0303731760112207e-15,2.894857970698192e-16,6.672892949406001e-16,2.1098117413563094e-15,2.688783335495948e-15,0.4999999999999966,0.4999999999999966
375,7.9976584614204235e-16,1.4032701349486142e-15,1.5602793808169906e-15,1.6682232373514994e-15,1.3345785898811995e-15,0.4999999999999964,0.4999999999999968
380,1.290419739480707e-15,1.1505833798791858e-15,3.758408822974227e-15,4.4453242736483675e-15,4.317754261380314e-15,0.49999999999999245,0.49999999999999245
385,2.583292748428078e-15,2.8408860424308783e-15,7.016350674742929e-15,6.5747621707381284e-15,7.771957670484475e-15,0.4999999999999865,0.49999999999998673
390,7.114481453410838e-17,7.433406484080979e-16,6.967285285409234e-16,1.1775693440128285e-16,3.7289695893739574e-16,0.4999999999999991,0.49999999999999883
395,1.8006997885529217e-15,1.8669380641536424e-15,4.543455052316092e-15,4.612146597383506e-15,5.446258216059245e-15,0.4999999999999911,0.49999999999999056
400,4.955604322720633e-16,1.0941581821452486e-15,2.0018678848217998e-15,1.6780363152182737e-15,1.3934570570818413e-15,0.4999999999999967,0.4999999999999967
405,1.6289709258843882e-15,1.9086436450874306e-15,5.083174334988632e-15,3.787848056574541e-15,4.759342765385109e-15,0.49999999999999134,0.49999999999999134
410,6.059575582732649e-16,6.427566002736655e-16,1.9233632618876096e-15,2.021494040555345e-15,2.5906525568282087e-15,0.49999999999999606,0.49999999999999606
415,7.212612232078491e-16,1.7761670938859958e-15,3.7780349787077814e-15,3.5523341877719917e-15,3.8859788352422895e-15,0.4999999999999931,0.4999999999999931
420,6.010510193398795e-16,4.6612119867174326e-17,1.3542047456147488e-15,1.4915878357495784e-15,1.4523355242824841e-15,0.4999999999999975,0.4999999999999975
425,1.4201546152393391e-16,5.20723358921091e-16,5.680618460957357e-16,7.810850383816365e-16,7.006096101847407e-16,0.4999999999999986,0.4999999999999986
430,1.844858638953398e-15,1.9454426870878255e-15,5.426632060325687e-15,5.0831743349886184e-15,5.95653826513145e-15,0.4999999999999899,0.4999999999999899
435,5.985977498731851e-16,6.427566002736659e-16,1.6289709258844051e-15,1.942989417621158e-15,1.678036315218273e-15,0.49999999999999695,0.4999999999999966
440,1.0867983737451622e-15,9.886675950774275e-16,3.5032687984381304e-15,3.140184917367512e-15,3.3560726304365285e-15,0.4999999999999938,0.4999999999999941
445,2.8703252760312664e-16,8.73363930142847e-16,4.90653893338678e-16,4.219623482712631e-16,1.275700122680563e-15,0.4999999999999983,0.4999999999999983
450,7.3352757054132035e-16,1.1162376073454876e-15,2.7280356469630374e-15,1.0598124096115396e-15,2.188316364290494e-15,0.49999999999999606,0.49999999999999606
455,3.721609780973754e-15,3.1009326059003463e-15,8.812143924362377e-15,9.224293194766852e-15,1.0293918682245137e-14,0.4999999999999824,0.4999999999999824
460,8.439246965425232e-16,1.1211441462788754e-15,1.324765512014426e-15,1.0598124096115407e-15,2.6789702576291722e-15,0.4999999999999966,0.49999999999999634
465,5.397192826725434e-16,1.0107470202776722e-15,1.9233632618876092e-15,2.7672879584301317e-15,1.9135501840208355e-15,0.4999999999999959,0.4999999999999959
470,3.14018491736754e-16,6.795556422740691e-16,7.457939178747908e-16,1.3443916677479783e-15,4.906538933386781e-16,0.49999999999999817,0.49999999999999817
475,1.2308006665407626e-16,4.544494768765893e-16,1.6568470511125653e-17,3.5503865380983546e-17,1.70418553828721e-16,0.4999999999999996,0.4999999999999996
480,2.232475214690986e-16,8.90536816409701e-16,1.1971954997463751e-15,3.1401849173675415e-16,2.845792581364334e-16,0.4999999999999987,0.4999999999999983
485,6.378500613402815e-16,1.1530366493458936e-16,6.182239056067343e-16,1.452335524282487e-15,7.457939178747906e-16,0.4999999999999983,0.4999999999999983
490,9.248825889434016e-16,4.1214927040448664e-16,2.50233485602724e-15,2.8163533477639918e-15,3.3953249419036283e-15,0.49999999999999495,0.49999999999999495
495,1.2585272364137007e-15,1.2266347333466869e-15,2.9635495157655957e-15,2.2275686757575832e-15,2.531774089627562e-15,0.4999999999999947,0.49999999999999495
500,2.600465634695e-16,5.88784672006415e-17,6.574762170738301e-16,1.5700924586837734e-16,4.3177542613803773e-16,0.4999999999999992,0.4999999999999992
