s,X,Y_{cj},Y_{rj},T,U,V,W
0.0001,0.1427213463749069,0.14389759527565435,0.1439467853216532,0.14199578698244472,0.14269692175694182,0.1420200317705527,0.14272153251784628
0.00014563484775012445,0.1426578296047248,0.14437405582022042,0.14444574473463823,0.1416033481646896,0.14262234650785952,0.1416384509937217,0.14265822417414567
0.00021209508879201905,0.1425635944972478,0.1450697919680498,0.14517430260077033,0.14103254428446546,0.14251210552549132,0.14108323118721594,0.14256442993675927
0.00030888435964774815,0.14242268315319231,0.1460869159826937,0.1462393420301186,0.14020280658537157,0.1423480948249544,0.1402757064566141,0.1424244509670553
0.0004498432668969444,0.14220968399148173,0.14757639685894142,0.14779883954652318,0.13899775771651104,0.14210190699776779,0.1391019947385623,0.14221342015021243
0.0006551285568595509,0.14188299982970895,0.14976279211961155,0.15008767209275334,0.1372500183972188,0.14172785841061367,0.13739777665150543,0.1418908824985883
0.0009540954763499944,0.14137237540684802,0.15298280605375825,0.1534577736460056,0.13472048969895797,0.14115034705632826,0.13492724469383938,0.1413889634442625
0.0013894954943731374,0.14055519587223594,0.1577463488517601,0.15844151195446277,0.13107149894780984,0.14024029617694245,0.13135519029198714,0.1405899579048019
0.0020235896477251557,0.13921082187005404,0.1648342083408553,0.165852525654962,0.12583549789879886,0.1387705791969349,0.12621318052697106,0.13928318651142388
0.0029470517025518097,0.1369328929538158,0.17545294723648489,0.1769440341445906,0.11838849620273734,0.1363318498200482,0.1188678901382729,0.13708188950405023
0.004291934260128779,0.13296740874644272,0.19146595105396558,0.19364001340318893,0.10795785965668973,0.13217982024996203,0.10852045695644193,0.13326848993330903
0.0062505519252739694,0.12594944165613206,0.21566523379525013,0.21878996683939023,0.09374472809432963,0.1249925112600727,0.0943200337694442,0.12653808458538118
0.009102981779915217,0.11363414036833173,0.2517828180770122,0.2561032318102941,0.07533922492150533,0.1126364605306787,0.07578557849297056,0.11471854579920733
0.013257113655901081,0.0932614103880513,0.3031143504968873,0.3085503629561781,0.05366156321692988,0.09254996292980934,0.053806282465140055,0.09505606754700388
0.019306977288832496,0.06424803459239581,0.3676221207427926,0.3731518609125051,0.03208875136822696,0.06429022991543198,0.03188292169136273,0.06671608077728504
0.02811768697974228,0.03314382485860265,0.4314459753002233,0.4349837201105069,0.015521732629077948,0.034056613539123946,0.015160768177444967,0.03568736538502039
0.040949150623804234,0.011417223442264725,0.47524824878444394,0.47570818982696444,0.006089252893992071,0.012529335147533004,0.00581474812010262,0.013193001784699
0.05963623316594643,0.0024667210331356542,0.4942757429999034,0.49333428577308586,0.0018613411782357793,0.0030860082802269726,0.0017374515022633018,0.003238449233148802
0.08685113737513521,0.0003414588570733751,0.49922407918718126,0.49866694761786373,0.00037783175247942135,0.0005121775224655233,0.00034639225500998855,0.0005311128079266762
0.12648552168552957,2.9893310805645923e-05,0.49994901683920023,0.49983968066897955,4.055573794261561e-05,5.147141046517542e-05,3.683785484460615e-05,5.2544177762058474e-05
0.18420699693267145,1.2038236039194862e-06,0.49999907261968596,0.49999203044141044,1.7110812614802147e-06,2.2059372662893496e-06,1.5521577466918378e-06,2.2239390252993584e-06
0.2682695795279725,1.3027945018539546e-08,0.5000000046599206,0.49999989773174497,1.854783459629378e-08,2.4565837467103648e-08,1.685307797574269e-08,2.4613639701409857e-08
0.3906939937054613,3.068794602381621e-11,0.49999999988211086,0.49999999988691807,4.129847023733367e-11,5.881085630471322e-11,4.1349062566500445e-11,5.882475039045488e-11
0.5689866029018293,1.3009887883874522e-15,0.49999999999998734,0.500000000000009,9.1553331074406e-24,1.2278081690406582e-15,2.159064300302594e-25,1.1719063070396348e-15
0.8286427728546842,2.1395765766396543e-15,0.49999999999998523,0.5000000000000111,7.557026937183914e-25,7.760017318683594e-16,4.211087945156129e-27,7.901845311453268e-16
1.2067926406393288,7.763353375456407e-16,0.5000000000000463,0.49999999999995165,1.8230714215303795e-27,5.650669969896005e-16,7.705266868777344e-30,5.549584639486416e-16
1.7575106248547894,2.5842516444981443e-15,0.5000000000000275,0.4999999999999699,6.961586663532282e-32,9.085259687688789e-18,1.3387433448819848e-33,1.6656309427429444e-17
2.559547922699533,5.810070530349049e-16,0.5000000000000053,0.4999999999999941,7.104469807174065e-32,1.3617352805505585e-17,1.4817245400552214e-35,1.9669509607952508e-17
3.727593720314938,1.290661140136293e-16,0.500000000000018,0.49999999999998185,2.619457755933271e-32,8.066632125851832e-18,5.617822930978695e-34,2.5208225393286973e-18
5.428675439323859,1.191616393558686e-15,0.5000000000000177,0.4999999999999801,0.0,4.4685614758450715e-16,0.0,4.4685614758450715e-16
7.9060432109076855,6.452390410684622e-17,0.4999999999999814,0.5000000000000187,1.5760345076999634e-32,2.016372003338944e-17,1.4443110165397039e-33,1.4618697024207344e-17
11.513953993264458,1.0323805520656206e-15,0.4999999999999858,0.5000000000000133,3.0857016716278995e-32,1.5122761993148738e-18,3.5938060613077073e-34,4.03273653150633e-18
16.768329368110066,9.68188319766438e-16,0.5000000000000303,0.4999999999999675,0.0,5.958081967793464e-16,0.0,5.958081967793464e-16
24.420530945486497,0.0,0.5000000000000001,0.5,0.0,4.032736345380715e-18,0.0,4.032736345380715e-18
35.564803062231285,0.0,0.5000000000000001,0.5,0.0,4.032736345380715e-18,0.0,4.032736345380715e-18
51.79474679231202,0.0,0.5000000000000001,0.5,0.0,4.032736345380715e-18,0.0,4.032736345380715e-18
75.43120063354607,0.0,0.5000000000000001,0.5,0.0,4.032736345380715e-18,0.0,4.032736345380715e-18
109.85411419875572,0.0,0.5000000000000001,0.5,0.0,4.032736345380715e-18,0.0,4.032736345380715e-18
159.98587196060572,0.0,0.5000000000000001,0.5,0.0,4.032736345380715e-18,0.0,4.032736345380715e-18
232.99518105153672,0.0,0.5000000000000001,0.5,0.0,4.032736345380715e-18,0.0,4.032736345380715e-18
339.3221771895323,0.0,0.5000000000000001,0.5,0.0,4.032736345380715e-18,0.0,4.032736345380715e-18
494.1713361323828,0.0,0.5000000000000001,0.5,0.0,4.032736345380715e-18,0.0,4.032736345380715e-18
719.6856730011514,0.0,0.5000000000000001,0.5,0.0,4.032736345380715e-18,0.0,4.032736345380715e-18
1048.1131341546852,0.0,0.5000000000000001,0.5,0.0,4.032736345380715e-18,0.0,4.032736345380715e-18
1526.4179671752302,0.0,0.5000000000000001,0.5,0.0,4.032736345380715e-18,0.0,4.032736345380715e-18
2222.996482526191,0.0,0.5000000000000001,0.5,0.0,4.032736345380715e-18,0.0,4.032736345380715e-18
3237.45754281764,0.0,0.5000000000000001,0.5,0.0,4.032736345380715e-18,0.0,4.032736345380715e-18
4714.8663634573895,0.0,0.5000000000000001,0.5,0.0,4.032736345380715e-18,0.0,4.032736345380715e-18
6866.488450042998,0.0,0.5000000000000001,0.5,0.0,4.032736345380715e-18,0.0,4.032736345380715e-18
10000.0,0.0,0.5000000000000001,0.5,0.0,4.032736345380715e-18,0.0,4.032736345380715e-18
