s,X,Y_{cj},Y_{rj},Z,U,W
0.0001,0.16631840779622425,0.1672968467534163,0.16733038945639575,0.166449892495658,0.16628550581882512,0.1663189576794805
0.00014563484775012445,0.16615879769597244,0.16758416948489221,0.16763309838067086,0.16635274296321248,0.1661112277169058,0.16615996375834605
0.00021209508879201905,0.16592559329149784,0.1680023090583807,0.16807373244629878,0.16621324935190124,0.16585705102488635,0.16592806482703504
0.00030888435964774815,0.1655843847202898,0.1686105900894207,0.1687149573152869,0.16601432050046494,0.16548612526698264,0.16558962210755507
0.0004498432668969444,0.1650841744119369,0.16949493890151263,0.16964766596966235,0.16573356144330104,0.16494439162469599,0.16509526764889107
0.0006551285568595509,0.16434891249874004,0.17077934808228584,0.1710032970190143,0.1653436627599893,0.16415238570601906,0.1643723939339516
0.0009540954763499944,0.16326436117692894,0.17264157812150083,0.1729708750926446,0.1648160473418931,0.16299312084261328,0.16331401742441942
0.0013894954943731374,0.16165768596690236,0.1753333189743706,0.17581929862353854,0.16413267690495056,0.1612944865364875,0.16176253299375035
0.0020235896477251557,0.15926638903256507,0.17920219949773863,0.17992270548889308,0.16331640901012343,0.15880506094124922,0.15948723602943057
0.0029470517025518097,0.15569454045839762,0.18470355903708144,0.18577729226350673,0.16250059186969218,0.1551661060122284,0.1561579103590935
0.004291934260128779,0.1503652022997512,0.19236255682345152,0.19397005643942236,0.16207303556436348,0.1498980776872243,0.15133107118578726
0.0062505519252739694,0.1425208383508476,0.20257935519393608,0.20498942444671853,0.16293013976851473,0.14246882564128827,0.14451141659869476
0.009102981779915217,0.13143937570521488,0.21505445578615984,0.2186450476092545,0.16677926998867215,0.1326222864039239,0.13545956450677465
0.013257113655901081,0.11717970637734933,0.22765243860783263,0.2328964473700311,0.17603532229634825,0.12122864231616881,0.12500744303226985
0.019306977288832496,0.10176845842258816,0.23557049674722152,0.24294031673386687,0.1923464189094928,0.111307165788791,0.11606714339803968
0.02811768697974228,0.0889316250255653,0.23380639750362606,0.24349899793492752,0.21425381525216325,0.1069420168070658,0.11256714747665206
0.040949150623804234,0.08067497192717736,0.22294833681637638,0.23426873533200382,0.23819207450961796,0.10891262160661395,0.11500325980821037
0.05963623316594643,0.07536102625945691,0.20937415452802,0.22036292198239352,0.262605826244624,0.1132958973666281,0.11900017361887756
0.08685113737513521,0.07072027509376888,0.19801701977866717,0.20642463002000144,0.2883631434119037,0.11608851059221108,0.12038642110344783
0.12648552168552957,0.06614955122271567,0.18897821932083445,0.19376141636074257,0.31660262801593975,0.11604508258708937,0.11846310249267822
0.18420699693267145,0.06186408234729896,0.18051533191825037,0.18236466659261355,0.34730338159644814,0.11351309901624605,0.1144394385291429
0.2682695795279725,0.05799622354019159,0.17179659899472946,0.1722242080330266,0.3790518254140133,0.10935916961795554,0.10957197440008351
0.3906939937054613,0.054601623194386474,0.1631710426919446,0.16322055062867813,0.40969114770605636,0.10464554685294464,0.10467008892598968
0.5689866029018293,0.0517796973612525,0.15544933216883877,0.1554515490603199,0.4367619646510451,0.10027817980940981,0.1002792769491339
0.8286427728546842,0.049693116197011764,0.14942978853448435,0.14942981448923282,0.4576097104366851,0.09691877874678746,0.09691879159579847
1.2067926406393288,0.04854112108274506,0.1458616646905474,0.1458616647422603,0.4694984092138357,0.09511857012247943,0.09511857014813217
1.7575106248547894,0.04850656268115206,0.14539509942817966,0.14539509942817921,0.47003589075276636,0.09533367385486137,0.09533367385486137
2.559547922699533,0.04965821889999941,0.14834251750388816,0.1483425175038868,0.4581325862678512,0.09776207991218719,0.09776207991218719
3.727593720314938,0.051817029686400506,0.1543148271445089,0.1543148271445091,0.4353679594180618,0.10209267830325983,0.10209267830325981
5.428675439323859,0.05452075076135871,0.16207681248512484,0.16207681248512504,0.40643010919574396,0.10744775753632377,0.10744775753632382
7.9060432109076855,0.057255973866457525,0.170113161204214,0.1701131612042139,0.37683004704787154,0.11284382833862155,0.11284382833862161
11.513953993264458,0.059740711706397304,0.17748262471289492,0.177482624712895,0.3498112573119282,0.11774139077794235,0.11774139077794228
16.768329368110066,0.061899295790690395,0.18389499903171722,0.183894999031718,0.3263193073138523,0.1219956994160111,0.1219956994160111
24.420530945486497,0.06371476764502432,0.18928853300366327,0.18928853300366394,0.3065606356303687,0.12557376535863987,0.12557376535863987
35.564803062231285,0.06517397407394111,0.19362365113229058,0.19362365113229077,0.2906793695447781,0.12844967705834975,0.12844967705834975
51.79474679231202,0.06625614225648574,0.1968386362182947,0.19683863621829525,0.278901597383304,0.1305824939618102,0.1305824939618102
75.43120063354607,0.06693931216328969,0.19886824778608397,0.19886824778608433,0.27146632101895324,0.1319289356227944,0.1319289356227944
109.85411419875572,0.06725826741454947,0.1998158235810888,0.19981582358108915,0.26799497309019377,0.1325575561665394,0.1325575561665394
159.98587196060572,0.06735028641981473,0.20008920043168194,0.20008920043168235,0.2669934846930859,0.13273891401186755,0.13273891401186755
232.99518105153672,0.06736355718401661,0.20012862619717658,0.20012862619717706,0.26684905239531137,0.13276506901315915,0.13276506901315915
339.3221771895323,0.06736428039864834,0.20013077477656593,0.20013077477656657,0.2668411812923824,0.13276649437791843,0.13276649437791843
494.1713361323828,0.06736429036789762,0.20013080439394815,0.20013080439394798,0.26684107279210534,0.13276651402605055,0.13276651402605055
719.6856730011514,0.0673642903858729,0.2001308044473511,0.2001308044473515,0.2668410725964684,0.132766514061478,0.132766514061478
1048.1131341546852,0.0673642903858729,0.2001308044473511,0.2001308044473515,0.2668410725964684,0.132766514061478,0.132766514061478
1526.4179671752302,0.0673642903858729,0.2001308044473511,0.2001308044473515,0.2668410725964684,0.132766514061478,0.132766514061478
2222.996482526191,0.0673642903858729,0.2001308044473511,0.2001308044473515,0.2668410725964684,0.132766514061478,0.132766514061478
3237.45754281764,0.0673642903858729,0.2001308044473511,0.2001308044473515,0.2668410725964684,0.132766514061478,0.132766514061478
4714.8663634573895,0.0673642903858729,0.2001308044473511,0.2001308044473515,0.2668410725964684,0.132766514061478,0.132766514061478
6866.488450042998,0.0673642903858729,0.2001308044473511,0.2001308044473515,0.2668410725964684,0.132766514061478,0.132766514061478
10000.0,0.0673642903858729,0.2001308044473511,0.2001308044473515,0.2668410725964684,0.132766514061478,0.132766514061478
