s,X,Y_{cj},Y_{rj},Z,T,V
0.0001,0.16670244748699622,0.16729336146874363,0.1673267219798865,0.16675621581528616,0.16594404839187363,0.1659772048572139
0.00014563484775012445,0.16671745024608628,0.16757936206232424,0.16762790399023092,0.16679826247233487,0.16561445549900794,0.1656625657300158
0.00021209508879201905,0.16673781524143022,0.16799587452753836,0.16806647771927152,0.16686082336047164,0.16513465912509714,0.165204350026191
0.00030888435964774815,0.16676433309200137,0.16860241774307466,0.16870504519291438,0.16695476262098202,0.16443636927584607,0.16453707207518165
0.0004498432668969444,0.16679630802935969,0.16948556435046966,0.16963460433309877,0.16709759398486768,0.16342046980865338,0.1635654594935508
0.0006551285568595509,0.16682884273858956,0.17077101320976604,0.17098714855560987,0.16731847733538482,0.16194343734998579,0.16215108081066396
0.0009540954763499944,0.16684669125421672,0.17264057025198729,0.1729533187273998,0.16766770786079202,0.15979833422630477,0.16009337767929946
0.0013894954943731374,0.16681085728318787,0.17535495507623056,0.17580592573169815,0.16823543969313043,0.1566892268144122,0.15710359540134083
0.0020235896477251557,0.16663061561513556,0.1792809384203756,0.17992754063503685,0.1691894144087241,0.15219978813467433,0.15277170278605348
0.0029470517025518097,0.1661084261185473,0.18491204383689244,0.18583043237861732,0.170851896471065,0.14576407099928704,0.14653313019559105
0.004291934260128779,0.16484365966911171,0.19284220623085474,0.1941259910594604,0.17385409996330162,0.13666969015610722,0.13766435292116447
0.0062505519252739694,0.16211081199032176,0.2035704396822071,0.20531776265891422,0.1794235633346553,0.1241811441713432,0.1253962781625584
0.009102981779915217,0.1568791934309947,0.21685779349926568,0.21913890591736565,0.1898036746759991,0.10797358015614412,0.1093468523202307
0.013257113655901081,0.14850928032916222,0.2303610275468089,0.23318579472028994,0.20842437597904584,0.08904817075814933,0.09047135066654365
0.019306977288832496,0.13853359640019425,0.238559973540298,0.24193244210448325,0.23860003030840365,0.07048536526360191,0.07188859238301883
0.02811768697974228,0.13101999763334252,0.23570328296843454,0.23974236590085002,0.2801571335005719,0.05597684333117186,0.05740037666562917
0.040949150623804234,0.12771268426113638,0.22248904345951817,0.2272129417868794,0.3277117834248955,0.04669220866966511,0.04818133839790535
0.05963623316594643,0.12518653351289188,0.2058964242173543,0.21081393214156546,0.37392302028968555,0.04136206794471897,0.04281802189378376
0.08685113737513521,0.12045167355227515,0.1912641741882885,0.19558336419149977,0.41455577912432096,0.03845662824298225,0.03968838070063331
0.12648552168552957,0.11395243215632234,0.17908693892757763,0.18222635134191087,0.4501875119873704,0.03683712699172838,0.03770963859509052
0.18420699693267145,0.10699617870954171,0.16820029631517378,0.1700294207061582,0.4827865221863901,0.0357433224489174,0.03624425963381878
0.2682695795279725,0.10036367085489414,0.15794572848498892,0.15875068829269975,0.5131710038359306,0.03477444237190094,0.03499446615958545
0.3906939937054613,0.09454954928025255,0.1483385227681761,0.14858421672655794,0.5407298224878838,0.03386497754113029,0.03393291119599922
0.5689866029018293,0.09000568447738873,0.13993858426272637,0.1399846146260114,0.5636626406451958,0.03319771414715107,0.03321076184152664
0.8286427728546842,0.08721815621659117,0.13353916670188143,0.13354353164363175,0.5796502681980713,0.03302379668756826,0.03302508055225607
1.2067926406393288,0.0866858878144989,0.129935021161346,0.12993517576143673,0.5863729970388091,0.03353543532480161,0.03353548289910767
1.7575106248547894,0.08881246258657932,0.129824663359099,0.12982466464605197,0.5819231510798722,0.034807528957010614,0.03480752937138676
2.559547922699533,0.09366478777002755,0.13362936510625767,0.13362936510625786,0.5655329826920968,0.0367717496626801,0.0367717496626801
3.727593720314938,0.10065217436483766,0.14109609013603883,0.14109609013603996,0.5386061808076267,0.03927473227772844,0.03927473227772844
5.428675439323859,0.10851557203130428,0.15097732787619303,0.15097732787619383,0.5051164382421978,0.0422066669870555,0.0422066669870555
7.9060432109076855,0.11602435871466354,0.16152703676969205,0.16152703676969202,0.4699678614232718,0.0454768531613403,0.04547685316134033
11.513953993264458,0.12267934309154847,0.17156913789515746,0.17156913789515763,0.4364044900377492,0.048888945540193574,0.048888945540193574
16.768329368110066,0.12844965537216385,0.1806974838691517,0.1806974838691517,0.4056597306937356,0.052247823097898535,0.052247823097898535
24.420530945486497,0.13330985203691487,0.18878471986369136,0.18878471986369136,0.37817097258214927,0.05547486782677662,0.05547486782677662
35.564803062231285,0.13719717448533028,0.19574917151390456,0.19574917151390456,0.35420048842971175,0.058551997028574346,0.058551997028574346
51.79474679231202,0.14004320469896783,0.2015205974687058,0.2015205974687058,0.33396081482414447,0.061477392769738154,0.061477392769738154
75.43120063354607,0.14180272864501528,0.20604925280921377,0.20604925280921377,0.3176057174081607,0.06424652416419836,0.06424652416419836
109.85411419875572,0.14260122201985528,0.20938972401301087,0.20938972401301087,0.3050423259678122,0.06678850199315545,0.06678850199315545
159.98587196060572,0.14282423072795214,0.21173303226967696,0.21173303226967696,0.2958921016492445,0.06890880154172482,0.06890880154172482
232.99518105153672,0.14285545360681887,0.21323624601053554,0.21323624601053554,0.2899104695646768,0.07038079240371665,0.07038079240371665
339.3221771895323,0.14285712008719526,0.21399468243931208,0.21399468243931208,0.2868783903299465,0.07113756235211702,0.07113756235211702
494.1713361323828,0.1428571428163009,0.21424103161897215,0.21424103161897215,0.28589301634041264,0.07138388880267119,0.07138388880267119
719.6856730011514,0.14285714285714274,0.21428280863894877,0.21428280863894877,0.285725908301348,0.07142566578180587,0.07142566578180587
1048.1131341546852,0.14285714285714296,0.21428566004281593,0.21428566004281593,0.28571450268587917,0.07142851718567306,0.07142851718567306
1526.4179671752302,0.14285714285714293,0.21428571412142858,0.21428571412142858,0.2857142863714286,0.0714285712642857,0.0714285712642857
2222.996482526191,0.14285714285714304,0.21428571428571427,0.21428571428571427,0.2857142857142856,0.07142857142857134,0.07142857142857134
3237.45754281764,0.14285714285714304,0.21428571428571427,0.21428571428571427,0.2857142857142856,0.07142857142857134,0.07142857142857134
4714.8663634573895,0.14285714285714304,0.21428571428571427,0.21428571428571427,0.2857142857142856,0.07142857142857134,0.07142857142857134
6866.488450042998,0.14285714285714304,0.21428571428571427,0.21428571428571427,0.2857142857142856,0.07142857142857134,0.07142857142857134
10000.0,0.14285714285714304,0.21428571428571427,0.21428571428571427,0.2857142857142856,0.07142857142857134,0.07142857142857134
