s,X,Y_{cj},Y_{rj},T,V
0.0001,0.19973449844456187,0.20122031430923534,0.20126831824631894,0.1988646372406466,0.1989122317592372
0.00014563484775012445,0.1996107469559511,0.2017784639825672,0.2018482891663751,0.19834677016757143,0.19841572972753518
0.00021209508879201905,0.19942762291018695,0.20259271902825332,0.20269422648660346,0.19759287580989776,0.1976925557650586
0.00030888435964774815,0.19915479438814757,0.2037814747612213,0.20392891136758887,0.19649561638782573,0.19663920309521657
0.0004498432668969444,0.1987444796373469,0.2055187786312702,0.20573264441468414,0.19489915801802563,0.19510493929867306
0.0006551285568595509,0.19811950411814222,0.2080613599630435,0.20837095055700386,0.19257774524191568,0.19287044011989482
0.0009540954763499944,0.19715159989309106,0.2117894235278846,0.2122361384895961,0.18920558929352302,0.18961724879590525
0.0013894954943731374,0.19562106426303563,0.21726821502398586,0.2179094001524888,0.18431603186461126,0.1848852886958783
0.0020235896477251557,0.19314115693398745,0.22533933772539425,0.2262514998286679,0.1772504364944385,0.17801756901751178
0.0029470517025518097,0.18901864572987914,0.23724781878899084,0.23852532697287773,0.16710750014027187,0.16810070836798047
0.004291934260128779,0.1820139513395006,0.25478442008543917,0.25652280046451864,0.15273608003810873,0.15394274807243288
0.0062505519252739694,0.17000981845211222,0.2803132990243139,0.28255084154116195,0.13290243472242488,0.13422360625998708
0.009102981779915217,0.1498801960944971,0.31622954164847983,0.3188015755878788,0.10693833307542307,0.10815035359372123
0.013257113655901081,0.11870935357390036,0.362849158651158,0.36515289729828476,0.07624227670856099,0.0770463137680957
0.019306977288832496,0.07814113644236263,0.4144491527204824,0.4154215455476514,0.04587656202816762,0.04611160326133586
0.02811768697974228,0.038799770825560194,0.458548392930158,0.45750240197011427,0.022659730164447712,0.02248970410971988
0.040949150623804234,0.013334687185598595,0.4854219180678117,0.48316300883242924,0.009165699309485657,0.008914686604674716
0.05963623316594643,0.003039934751799463,0.496602721572813,0.4947687021592653,0.002866022820481969,0.002722618695640326
0.08685113737513521,0.00046369276462001463,0.4995651427119953,0.49883149762026807,0.0005903283720125141,0.0005493385311041634
0.12648552168552957,4.394302982803844e-05,0.499981578211513,0.4998513486778231,6.418079182852773e-05,5.894928900719263e-05
0.18420699693267145,1.8402707207486775e-06,0.5000005281436924,0.49999238233631854,2.7432230022745696e-06,2.5060262658577226e-06
0.2682695795279725,2.0440219266086113e-08,0.5000000228823468,0.49999989901610836,3.015696853472798e-08,2.7504356933231454e-08
0.3906939937054613,4.9361711157121255e-11,0.499999999902686,0.4999999999112288,6.829321229929476e-11,6.843021030714247e-11
0.5689866029018293,0.0,0.5,0.5,0.0,0.0
0.8286427728546842,0.0,0.49999999999999994,0.5000000000000001,0.0,0.0
1.2067926406393288,0.0,0.5,0.5,0.0,0.0
1.7575106248547894,0.0,0.5,0.5,0.0,0.0
2.559547922699533,0.0,0.5,0.5000000000000001,0.0,0.0
3.727593720314938,0.0,0.5,0.5,0.0,0.0
5.428675439323859,0.0,0.5000000000000001,0.49999999999999994,0.0,0.0
7.9060432109076855,0.0,0.5,0.5,0.0,0.0
11.513953993264458,0.0,0.5,0.5,0.0,0.0
16.768329368110066,0.0,0.5000000000000001,0.49999999999999994,0.0,0.0
24.420530945486497,0.0,0.49999999999999994,0.5000000000000001,0.0,0.0
35.564803062231285,0.0,0.49999999999999994,0.5000000000000001,0.0,0.0
51.79474679231202,0.0,0.49999999999999994,0.5000000000000001,0.0,0.0
75.43120063354607,0.0,0.49999999999999994,0.5000000000000001,0.0,0.0
109.85411419875572,0.0,0.49999999999999994,0.5000000000000001,0.0,0.0
159.98587196060572,0.0,0.49999999999999994,0.5000000000000001,0.0,0.0
232.99518105153672,0.0,0.49999999999999994,0.5000000000000001,0.0,0.0
339.3221771895323,0.0,0.49999999999999994,0.5000000000000001,0.0,0.0
494.1713361323828,0.0,0.49999999999999994,0.5000000000000001,0.0,0.0
719.6856730011514,0.0,0.49999999999999994,0.5000000000000001,0.0,0.0
1048.1131341546852,0.0,0.49999999999999994,0.5000000000000001,0.0,0.0
1526.4179671752302,0.0,0.49999999999999994,0.5000000000000001,0.0,0.0
2222.996482526191,0.0,0.49999999999999994,0.5000000000000001,0.0,0.0
3237.45754281764,0.0,0.49999999999999994,0.5000000000000001,0.0,0.0
4714.8663634573895,0.0,0.49999999999999994,0.5000000000000001,0.0,0.0
6866.488450042998,0.0,0.49999999999999994,0.5000000000000001,0.0,0.0
10000.0,0.0,0.49999999999999994,0.5000000000000001,0.0,0.0
