s,X,Y_{cj},Y_{rj},Z,T,U,V,W
0.0001,0.12502052113244658,0.12545245187530799,0.12505270997704968,0.12480329266758947,0.12481352980167838,0.12522120459607816,0.12461457550937148,0.1250217144404783
0.00014563484775012445,0.12502940154755762,0.12565889106097108,0.1250768356947165,0.1247140534342609,0.124727908801769,0.12532215500157662,0.12443882153030739,0.12503193292884082
0.00021209508879201905,0.1250417913239141,0.12595949190344174,0.1251120520030267,0.12458468211444215,0.1246026294369262,0.1254691787240589,0.12418301399994883,0.12504716049424114
0.00030888435964774815,0.12505868432160325,0.1263971549360552,0.1251635075239416,0.12439753275094007,0.12441894542294352,0.12568330889530874,0.12381079294254822,0.12507007320665936
0.0004498432668969444,0.1250808457528881,0.1270342550516023,0.1252387994353502,0.12412765430280608,0.12414884823916893,0.12599518747992908,0.12326940624605416,0.1251050034922011
0.0006551285568595509,0.12510794678795292,0.12796133830485823,0.12534918946233772,0.12374032085433467,0.12375008079974358,0.1264494697265522,0.12248246372017037,0.1251591903440503
0.0009540954763499944,0.12513646381946109,0.1293094484281436,0.12551147743844498,0.12318838072973624,0.12315810887849184,0.12711128003203964,0.12133967938573464,0.12524516128794777
0.0013894954943731374,0.12515484937736504,0.13126705992186535,0.1257508920829795,0.12241050733714835,0.12227296845907976,0.12807572407351597,0.11968260866494548,0.12538539008310068
0.0020235896477251557,0.12513291564510867,0.13410164101110125,0.12610547176996073,0.12133308676455666,0.12093754060961248,0.12948214931354166,0.11728548345272824,0.12562171143339032
0.0029470517025518097,0.12499935782832315,0.13818166242167215,0.1266321190979892,0.11988234170324083,0.11890217420839111,0.1315362623114972,0.11383126443582173,0.12603481799306468
0.004291934260128779,0.12459684374767578,0.14398009153982688,0.12741205481952653,0.11802071163800285,0.11577039113356222,0.13454716744641668,0.10888675838791069,0.1267859812870784
0.0062505519252739694,0.1236020000720238,0.15199476236628112,0.12854156707031808,0.11583204029833058,0.11092891046575824,0.13899872098767657,0.10189198018538635,0.12821001855422526
0.009102981779915217,0.12141984012922424,0.16240019349554213,0.13004980879681294,0.11367479651235239,0.1035017572655158,0.14571411079395177,0.09220801482803113,0.1310314781785695
0.013257113655901081,0.11717205184600066,0.17403228215764277,0.13156884170278538,0.11230611379527804,0.09245919898924915,0.15627469823064735,0.07932201322298821,0.1368648000554085
0.019306977288832496,0.11009552196683596,0.1824492323815877,0.1315057307410862,0.11244463111827656,0.07710634375154712,0.17391448413483812,0.0633270531517179,0.14915700275411037
0.02811768697974228,0.10027851598613123,0.17905100439391503,0.12628977423353757,0.11293814991191128,0.05801941696931646,0.20411193790980137,0.045553554664773975,0.173757645930613
0.040949150623804234,0.08822632910683063,0.1566498354585628,0.11229810163377649,0.10926466329447691,0.03799019116958673,0.25090320638229735,0.028769150530290343,0.21589852242417876
0.05963623316594643,0.07394714505017703,0.11926146115788996,0.09053462204417531,0.09736650679495476,0.021581998871587488,0.30795504531997064,0.01623031087949585,0.27312290988174903
0.08685113737513521,0.058667997373226505,0.08085344393114201,0.06711627185716224,0.07953314973578052,0.011592171950740797,0.3595222614467911,0.00918202598776552,0.3335326777173913
0.12648552168552957,0.044816286921479376,0.05260529776039683,0.04798206996813063,0.06255903025619622,0.006691288004879544,0.39605880440476504,0.005841405700959693,0.3834458169831926
0.18420699693267145,0.0337959264873243,0.03593760577906316,0.034907041400664564,0.05070835014379237,0.004365667345438395,0.419787096946808,0.004132636573261897,0.41636567532364727
0.2682695795279725,0.02555604078732329,0.026335201494072046,0.026189673507259092,0.042976075520767265,0.0031417926787341796,0.4365649826379619,0.00309613266963123,0.4361401007042511
0.3906939937054613,0.01946703250981668,0.019949557970901876,0.019936459394608537,0.03692353582091798,0.0023639087322504604,0.4495094065433578,0.0023585380895039,0.4494915609386428
0.5689866029018293,0.015029927908926335,0.015365155282487455,0.015364485292586596,0.03164190683698493,0.0018065922852460133,0.4594928977882523,0.0018062945763447124,0.4594927400291717
0.8286427728546842,0.011889598169640102,0.012118117045930073,0.012118104346502824,0.027044599506780988,0.001402377778124131,0.467012415450939,0.0014023722511313488,0.46701241545095157
1.2067926406393288,0.009755500915717457,0.009905030363145753,0.00990503031367663,0.02310436296880826,0.0011170307410240776,0.4725480069886019,0.0011170307204240897,0.4725480069886019
1.7575106248547894,0.008394485168917195,0.008485226631821685,0.008485226631825453,0.019764601581774233,0.0009242335594882428,0.4765109964333424,0.0009242335594882428,0.4765109964333425
2.559547922699533,0.007619640711737283,0.0076673069771349975,0.00766730697713541,0.016957263536131785,0.0008033080325680955,0.4792409328663622,0.0008033080325680955,0.47924093286636216
3.727593720314938,0.007262698931351561,0.007281815714117467,0.007281815714115625,0.01461439701269402,0.0007380559651795402,0.4810415803486811,0.0007380559651795402,0.4810415803486811
5.428675439323859,0.007152575337132295,0.007157358080815767,0.007157358080816264,0.012673488530343942,0.0007140301021155588,0.4822155798833305,0.000714030102115189,0.4822155798833305
7.9060432109076855,0.0071404742218136785,0.007141035007819215,0.007141035007820354,0.011077335844425124,0.0007160216886844178,0.48303403827038455,0.0007160216886843393,0.4830340382703683
11.513953993264458,0.007147762113055309,0.007147783144843532,0.007147783144841533,0.009772915049301688,0.0007300001665147981,0.48366187810746397,0.00073000016651483,0.4836618781074643
16.768329368110066,0.00715510817416823,0.007155108322996692,0.0071551083229935515,0.008713665679823084,0.0007481999426469531,0.4841623048073622,0.0007481999426469531,0.48416230480736233
24.420530945486497,0.007160966642613963,0.007160966642612982,0.0071609666426101955,0.0078619039864751,0.000768855225736626,0.48455874281710853,0.0007688552257367045,0.484558742817106
35.564803062231285,0.0071654920816181964,0.007165492081617282,0.007165492081616188,0.0071890556302034924,0.0007922698728510573,0.4848649641896213,0.0007922698728510573,0.4848649641896213
51.79474679231202,0.007168816551682748,0.007168816551682401,0.007168816551682734,0.006675279489600194,0.000819215430500991,0.48508991999717493,0.000819215430500961,0.48508991999717505
75.43120063354607,0.0071710332343616345,0.007171033234360152,0.007171033234360428,0.006306209645257335,0.0008504298005395887,0.48523991552529067,0.0008504298005396566,0.48523991552529055
109.85411419875572,0.0071723169391507404,0.007172316939150145,0.007172316939151289,0.006060300118845919,0.0008845949826413222,0.48532677954920966,0.0008845949826413222,0.48532677954920966
159.98587196060572,0.007172994990189941,0.00717299499019005,0.007172994990190479,0.005902796743511592,0.0009164481400992127,0.4853726610028597,0.0009164481400992127,0.4853726610028597
232.99518105153672,0.007173358796042264,0.007173358796042735,0.0071733587960404,0.005806017886507948,0.0009396743304386849,0.4853972785322448,0.0009396743304384296,0.4853972785322448
339.3221771895323,0.0071735340925014775,0.007173534092502697,0.007173534092501801,0.005757519085969034,0.000951799059061443,0.485409140259201,0.0009517990590615002,0.48540914025920107
494.1713361323828,0.007173590847763213,0.007173590847761988,0.007173590847763389,0.005741744315856913,0.0009557608717248051,0.4854129806987024,0.0009557608717248051,0.4854129806987026
719.6856730011514,0.007173600477906682,0.007173600477907245,0.007173600477906959,0.0057390671425895145,0.0009564333736553521,0.4854136323381895,0.0009564333736552306,0.4854136323381895
1048.1131341546852,0.007173601135270234,0.007173601135271942,0.007173601135270451,0.005738884394703449,0.000956479279747253,0.4854136768200045,0.0009564792797474101,0.4854136768199847
1526.4179671752302,0.007173601147736489,0.007173601147736429,0.007173601147734977,0.005738880928748043,0.0009564801503909436,0.4854136776636414,0.0009564801503908849,0.48541367766362087
2222.996482526191,0.007173601147775785,0.007173601147776727,0.007173601147775216,0.005738880918220774,0.0009564801530368643,0.485413677666182,0.0009564801530369624,0.4854136776661957
3237.45754281764,0.007173601147775785,0.007173601147776727,0.007173601147775216,0.005738880918220774,0.0009564801530368643,0.485413677666182,0.0009564801530369624,0.4854136776661957
4714.8663634573895,0.007173601147775785,0.007173601147776727,0.007173601147775216,0.005738880918220774,0.0009564801530368643,0.485413677666182,0.0009564801530369624,0.4854136776661957
6866.488450042998,0.007173601147775785,0.007173601147776727,0.007173601147775216,0.005738880918220774,0.0009564801530368643,0.485413677666182,0.0009564801530369624,0.4854136776661957
10000.0,0.007173601147775785,0.007173601147776727,0.007173601147775216,0.005738880918220774,0.0009564801530368643,0.485413677666182,0.0009564801530369624,0.4854136776661957
